8.489295767251764380e-01,6.105110575037200338e-01,3.034500109198017340e-02,-5.638395383990135734e-01,-8.388196682753562561e-01,-6.444069124839723051e-01,-9.539128355309126062e-02,4.978694091673069866e-01,8.072787519630076902e-01,6.697466382786807504e-01,1.720813787567959385e-01,-4.055386547509171602e-01,-7.499481970293849775e-01,-6.858418035381769196e-01,-2.631859221986602715e-01,2.812020512162879404e-01,6.591223525019154206e-01,6.846044417117657099e-01,3.633033228228643718e-01,-1.238167488568857749e-01,-5.250222594816321697e-01,-6.491440218328226042e-01,-4.548084524891399805e-01,-5.733707776428198510e-02,3.412545761617769013e-01,5.564433356450755319e-01,5.055289902638991917e-01,2.346552009293844943e-01,-1.166645231917550207e-01,-3.887517335417572939e-01,-4.742156795935027480e-01,-3.574394935605025303e-01,-1.087887524385421079e-01,1.567728466815704325e-01,3.331955723481998533e-01,3.645124329116594675e-01,2.588874622400507697e-01,7.480396474361206138e-02,-1.098434807831548676e-01,-2.302970128014290019e-01,-2.562227132052782297e-01,-1.959645382380382495e-01,-8.578202077387135638e-02,2.868901103371745281e-02,1.102683398591997599e-01,1.411023943055218499e-01,1.243178937179771348e-01,7.803329547057812066e-02,2.561345243817190337e-02,-1.359073217980232007e-02,-2.998279531373040929e-02,-2.484011316266203709e-02,-7.515774433206614050e-03,9.467049805152926920e-03,1.538279730558043783e-02,4.759992502378061242e-03,-2.141088264595000790e-02,-5.661380867106352577e-02,-9.119027185946847192e-02,-1.152302574904930099e-01,-1.211133134085789764e-01,-1.051309860929074830e-01,-6.798248243447510553e-02,-1.425293792732383082e-02,4.880952026068327565e-02,1.128238499450348320e-01,1.697506822971235896e-01,2.130497442053127244e-01,2.383855725914895973e-01,2.438650704888339071e-01,2.298778256008684184e-01,1.986588574298853438e-01,1.537063598514457619e-01,9.917314134690694005e-02,3.932105765249521712e-02,-2.190690940411523305e-02,-8.117445306781756464e-02,-1.359022915121261277e-01,-1.843000462251299931e-01,-2.253063067735013303e-01,-2.584638239742635957e-01,-2.837509663631092582e-01,-3.013789386608664578e-01,-3.115442886735254047e-01,-3.140889707909561568e-01,-3.079421856176554617e-01,-2.900522244815531003e-01,-2.532873788781416224e-01,-1.839130511412125912e-01,-7.394074778131093373e-02
8.489295767251764380e-01,6.058253388950537444e-01,1.693516069975545962e-02,-5.786132467345006525e-01,-8.403567401599368880e-01,-6.227978359899187799e-01,-5.611601568216248448e-02,5.334893516728098639e-01,8.140035528249945918e-01,6.357572800180683048e-01,1.099621335148083801e-01,-4.627745147297161465e-01,-7.669679124797250669e-01,-6.468543608942054490e-01,-1.838785233906886918e-01,3.599321716913601588e-01,6.930292675408522562e-01,6.512977881870601893e-01,2.761408284578349415e-01,-2.214881363251200164e-01,-5.824010279661828715e-01,-6.349356531874310594e-01,-3.739335653983066887e-01,5.142084787344725072e-02,4.250185024644848597e-01,5.747043756752536758e-01,4.496423823583132751e-01,1.310244818217084772e-01,-2.203267160351236320e-01,-4.463836856932423269e-01,-4.621057033426153593e-01,-2.833062569283254506e-01,-6.200742972492814982e-03,2.446918656717448626e-01,3.725146007146665217e-01,3.433964664805574385e-01,1.899774043573936588e-01,-1.250218545542755751e-02,-1.826609018303312904e-01,-2.649820980725201558e-01,-2.456858582524529822e-01,-1.496648638203452453e-01,-2.367686432418487572e-02,8.489752684689096107e-02,1.448731207577189373e-01,1.485116080329987320e-01,1.088026590407030758e-01,5.008696150980394141e-02,-3.087911333150103899e-03,-3.456254159349055749e-02,-4.024598187949751660e-02,-2.678537322397042328e-02,-6.844497600864349329e-03,6.660637173876817092e-03,5.252565156177624490e-03,-1.275560413119768664e-02,-4.248415926415301941e-02,-7.468997870324067812e-02,-9.891197120875575011e-02,-1.064957868618256059e-01,-9.271380769857241744e-02,-5.761565656303324623e-02,-5.649687199908250135e-03,5.561591674311442551e-02,1.172125511861448893e-01,1.704835174949517196e-01,2.084521443300131338e-01,2.266622781938856246e-01,2.234570841213213144e-01,1.997760544315965170e-01,1.586157190986898502e-01,1.043186344174791141e-01,4.183881803106910546e-02,-2.390557055919989571e-02,-8.852612934107577380e-02,-1.484800402581722689e-01,-2.012154213121150059e-01,-2.451744443296271780e-01,-2.796919645935181387e-01,-3.048278546646334686e-01,-3.211651719907875346e-01,-3.295957910017098258e-01,-3.311008567843721218e-01,-3.265132017989103574e-01,-3.162145912225695077e-01,-2.996511870599412042e-01,-2.744038159252287779e-01,-2.343471600914996122e-01,-1.674330532040542163e-01,-6.665735264401720372e-02
8.489295767251764380e-01,6.012431554506835196e-01,3.921151702554337946e-03,-5.926355257642347274e-01,-8.410457220077789398e-01,-6.009045700082917829e-01,-1.789043265402066180e-02,5.664943755326402597e-01,8.174356352550935512e-01,5.997275259910415102e-01,4.903924109638981704e-02,-5.150062162764872387e-01,-7.769819990097038831e-01,-6.026062744103511948e-01,-1.048118457727310049e-01,4.316060236699518771e-01,7.156156120748380367e-01,6.080673969560467240e-01,1.863850757424973525e-01,-3.116829221697158814e-01,-6.247505926377993068e-01,-6.051811718511661553e-01,-2.851619407947464935e-01,1.554550851202273209e-01,4.925757288477580209e-01,5.723559208143914612e-01,3.784898482193062574e-01,2.513109763133685240e-02,-3.114876631383183270e-01,-4.818475832849857809e-01,-4.277832996851373970e-01,-1.966400312002423156e-01,9.377374264715986063e-02,3.159253429620970111e-01,3.879903458924878756e-01,3.008593650683532017e-01,1.102382756122911173e-01,-9.645072851521377388e-02,-2.399427965204208868e-01,-2.782720957181560317e-01,-2.157039712012578381e-01,-9.213559739270002491e-02,3.876864550002492166e-02,1.319003916986150327e-01,1.649844960459564691e-01,1.413440530518277061e-01,8.281441271763712031e-02,1.769847572701534894e-02,-3.073467094330058560e-02,-5.125406469705073159e-02,-4.578843768914202944e-02,-2.567284480471051719e-02,-5.451744642379204205e-03,3.103637027322209401e-03,-5.175362996614464757e-03,-2.795317615632517474e-02,-5.708148319029352630e-02,-8.183237982914826070e-02,-9.240894916148190141e-02,-8.268286760775239719e-02,-5.156617512794782476e-02,-2.926006897044760614e-03,5.565436336767732445e-02,1.147522788609250527e-01,1.650761832622952563e-01,1.990950181747309367e-01,2.120711924852179686e-01,2.024282840650481474e-01,1.715336610247828741e-01,1.230665039754806345e-01,6.217231245498566067e-02,-5.411646531454571314e-03,-7.412101523472722220e-02,-1.391365788712623230e-01,-1.967346679514623831e-01,-2.444278010404029589e-01,-2.809340424032893968e-01,-3.060254751321417332e-01,-3.203065414260137800e-01,-3.249655371824540784e-01,-3.215307773459091245e-01,-3.116493836480935808e-01,-2.968922335822602454e-01,-2.785719129951798601e-01,-2.575357598809652204e-01,-2.338484927853553552e-01,-2.061793774524578460e-01,-1.705718182056994436e-01,-1.189564512120452611e-01,-4.664494113459415753e-02
8.489295767251764380e-01,5.967694738415592060e-01,-8.689786442259725061e-03,-6.059235341076922854e-01,-8.409592314621302522e-01,-5.788492086735083086e-01,1.918628513434245814e-02,5.969268232208860825e-01,8.178446633873774907e-01,5.621089164829626839e-01,-1.027281199852084562e-02,-5.621715272964448173e-01,-7.805020115046199525e-01,-5.541069919363902363e-01,-2.704961830663944050e-02,4.957542104682196582e-01,7.275014798356477241e-01,5.565967702652634408e-01,9.610165043162435805e-02,-3.930441048174777019e-01,-6.523663194192599324e-01,-5.620397423764115219e-01,-1.917300331995345219e-01,2.519724233059527085e-01,5.431132827417031184e-01,5.512956618686044585e-01,2.961185976785468688e-01,-7.853430727416124690e-02,-3.873151098631613110e-01,-4.954659496080545678e-01,-3.748584717325506577e-01,-1.029750726054978749e-01,1.859663414721839658e-01,3.678842118052873533e-01,3.807805523099401235e-01,2.414314774787293671e-01,2.583808912886964224e-02,-1.715847778005686053e-01,-2.789452259571540416e-01,-2.710325049429634370e-01,-1.702807301374233973e-01,-2.897136350590749296e-02,9.632033750277461948e-02,1.664333223811021445e-01,1.700507687434187898e-01,1.215022323327873133e-01,4.970119449291681563e-02,-1.561229605148109489e-02,-5.466988164643793446e-02,-6.233329987021419410e-02,-4.642586025378793446e-02,-2.183516190137608365e-02,-3.438131367648422209e-03,-5.504712037835912068e-04,-1.443004802866113857e-02,-3.899026838574339016e-02,-6.381329200737781426e-02,-7.805131870839132624e-02,-7.386644023621218025e-02,-4.850803670601443185e-02,-4.718916785125908814e-03,5.031453203504051425e-02,1.069243558625745383e-01,1.551912238028040625e-01,1.868870244543682779e-01,1.967729878759270634e-01,1.831242643077536647e-01,1.475457531666818922e-01,9.426959067294368722e-02,2.917509023613868574e-02,-4.124036377968098160e-02,-1.107636617658539352e-01,-1.741353795819532979e-01,-2.274476568494261108e-01,-2.682854380467646349e-01,-2.956603090238312803e-01,-3.098017061066670741e-01,-3.118707278484678658e-01,-3.036522042101840735e-01,-2.872660143174987080e-01,-2.649228132280492809e-01,-2.387348435814176106e-01,-2.105803932808383294e-01,-1.820101955844485031e-01,-1.541731418568414169e-01,-1.277211153325141513e-01,-1.026173475289715309e-01,-7.772417622399806214e-02,-5.029649957325631887e-02,-1.874179414634713492e-02
8.489295767251764380e-01,5.924091094688437309e-01,-2.089109144569306284e-02,-6.184955011541375391e-01,-8.401692728711540603e-01,-5.567474136291293840e-01,5.502986975835528344e-02,6.248475549788731209e-01,8.155070250406353249e-01,5.233283705740867653e-01,-6.762312528520655897e-02,-6.042900708934495491e-01,-7.780891089744087497e-01,-5.023260998542423694e-01,4.849660827040806754e-02,5.521258139247103847e-01,7.294782770330613397e-01,4.985631086924395827e-01,7.105948509443711994e-03,-4.646450480967546648e-01,-6.659587983640570252e-01,-5.078250971934364921e-01,-9.660621915915158786e-02,3.388334229909250039e-01,5.765979249592217970e-01,5.139432922049383956e-01,2.065177934958774553e-01,-1.761990557625389142e-01,-4.461146283064801876e-01,-4.886379874750615970e-01,-3.074440417720433749e-01,-7.473585852236648910e-03,2.663860502848461320e-01,3.995286788237120690e-01,3.533413969771888596e-01,1.701428574415639050e-01,-5.759273481055297156e-02,-2.338505770983751453e-01,-2.986837650780108100e-01,-2.456073256179418240e-01,-1.141027559604212011e-01,3.454998027568612767e-02,1.449008891557769518e-01,1.867956572222766454e-01,1.609678508954888176e-01,9.180493317818162746e-02,1.302097591444263160e-02,-4.673062186726003459e-02,-7.297630651971921678e-02,-6.721086339942183852e-02,-4.247606942310685335e-02,-1.579989527321596851e-02,-9.122986752664884224e-04,-3.712575882704656407e-03,-2.141863416270694057e-02,-4.487518160441213849e-02,-6.259567209812094690e-02,-6.490207711833086146e-02,-4.688020119336654135e-02,-9.517681626533472730e-03,4.094242802436715012e-02,9.491700322944299217e-02,1.419367644238961890e-01,1.729431162184680848e-01,1.819346860393027121e-01,1.667390532474541387e-01,1.289335418981536197e-01,7.311328595479522907e-02,5.786977790583457647e-03,-6.581938437409386167e-02,-1.348271875237045947e-01,-1.954983990366875313e-01,-2.437022759189223231e-01,-2.770697622567443452e-01,-2.948951781425906415e-01,-2.978660350092668940e-01,-2.877032100727494046e-01,-2.667817945992638773e-01,-2.377842925899543436e-01,-2.034178919530792717e-01,-1.662099581577133611e-01,-1.283827658108526448e-01,-9.180064002305395043e-02,-5.798050082982381115e-02,-2.816129226705080951e-02,-3.442441699011668504e-03,1.496568723758426311e-02,2.529087873649315740e-02,2.466997606157233028e-02,1.143691283270142044e-02
8.489295767251764380e-01,5.881667236696045409e-01,-3.267684485753504647e-02,-6.303705572414478597e-01,-8.387469184763156616e-01,-5.347082728491626691e-01,8.957019051297243628e-02,6.503335578114675108e-01,8.107021612650433529e-01,4.837854944850760175e-01,-1.227222857001782075e-01,-6.414534279042571896e-01,-7.703377133777897789e-01,-4.481784842825579096e-01,1.210683035235105981e-01,6.006653595064824769e-01,7.224637449102172537e-01,4.355890843104671672e-01,-7.905796308017663809e-02,-5.259572880864687994e-01,-6.665654795318700643e-01,-4.448923973259303333e-01,-2.410773109743866507e-03,4.145418543644531773e-01,5.936523454570218350e-01,4.630382468884349789e-01,1.134247178860921246e-01,-2.648908270706573087e-01,-4.872332645774966053e-01,-4.635746264677359507e-01,-2.298173611512521752e-01,8.534016779254716134e-02,3.322802889044805807e-01,4.111690085769609260e-01,3.090220736026332293e-01,9.205947151726155686e-02,-1.353006412848086482e-01,-2.806702162436925940e-01,-2.996980922872031772e-01,-2.053519184101059714e-01,-5.200394435167449148e-02,9.388660821749549024e-02,1.817566464970021556e-01,1.927248630777091687e-01,1.397245573991132417e-01,5.553635494896225211e-02,-2.385868095442773146e-02,-7.319181143024504343e-02,-8.453602692897656257e-02,-6.595996625246414169e-02,-3.463131833690242384e-02,-8.207437951587254893e-03,1.993602791899887379e-03,-5.957537078537765429e-03,-2.553278217681525727e-02,-4.546501251904227353e-02,-5.442728242221085699e-02,-4.497206005645618121e-02,-1.565936423507602662e-02,2.890338366250528104e-02,7.971775189958062169e-02,1.259732276093420145e-01,1.577081100246352507e-01,1.678873848629374999e-01,1.535326465318269384e-01,1.158487829689657383e-01,5.953046778090265861e-02,-8.438110492512288299e-03,-8.015226985777545998e-02,-1.480408262117178519e-01,-2.058178275706554206e-01,-2.490498191220838764e-01,-2.753456585297425208e-01,-2.842367803488300981e-01,-2.768459857732217810e-01,-2.554469418146282922e-01,-2.230026831974858126e-01,-1.827481185982426648e-01,-1.378561008109722152e-01,-9.120409444927132792e-02,-4.524173045299055562e-02,-1.949774105791542231e-03,3.712129592373161063e-02,7.073871119647759387e-02,9.778758622070551909e-02,1.169269935417037998e-01,1.259515956834081907e-01,1.205795088804810650e-01,9.300868783502853898e-02,3.870537288615896743e-02
8.489295767251764380e-01,5.840468211767213536e-01,-4.404173787204293533e-02,-6.415685679194201851e-01,-8.367620180161757792e-01,-5.128342303262815038e-01,1.227504009333393598e-01,6.734756091392467559e-01,8.037092830034594515e-01,4.438506757325125784e-01,-1.753394161402340723e-01,-6.738151336684087278e-01,-7.578607468509938050e-01,-3.925130056689544178e-01,1.900566008665379725e-01,6.414877119004863681e-01,7.074601799519205647e-01,3.692042539731175688e-01,-1.611252526418708586e-01,-5.768084979669955148e-01,-6.554641191192657201e-01,-3.755430401050285916e-01,8.863395554802658283e-02,4.782047603914862943e-01,5.954203205236477947e-01,4.014576050347731795e-01,2.018153733068934683e-02,-3.424568586128011183e-01,-5.109169019445874982e-01,-4.230322083625261409e-01,-1.461371304154235051e-01,1.717481816329078093e-01,3.820929557490532202e-01,4.042036290951596111e-01,2.516711936572716968e-01,1.191137897003123614e-02,-2.036041634077945528e-01,-3.108704642565539578e-01,-2.837286599422950695e-01,-1.541704855676116759e-01,1.147071564564999986e-02,1.454904923605780109e-01,2.054557060572737848e-01,1.851502745811569317e-01,1.090101751752817760e-01,1.604406165787026703e-02,-5.805198163042320225e-02,-9.330011875699231738e-02,-8.898834328323897147e-02,-5.918222491581712902e-02,-2.382143740420878536e-02,2.603524350634065150e-04,5.112960825363579292e-03,-7.075055977436638804e-03,-2.665385884165305530e-02,-4.132936099610144687e-02,-4.104361738337909682e-02,-2.131600910588608150e-02,1.569484329495995228e-02,6.228136970097856301e-02,1.077000463545667724e-01,1.411450790399942090e-01,1.543195186988645662e-01,1.430468772065091321e-01,1.077360449855183505e-01,5.282923071647609853e-02,-1.443834137921407371e-02,-8.557066366593650553e-02,-1.522786929558755664e-01,-2.076322560882605806e-01,-2.467712921290824979e-01,-2.671656989310569053e-01,-2.684950534606224126e-01,-2.522634063305123076e-01,-2.212742551394577539e-01,-1.790761951991009238e-01,-1.294615937726416033e-01,-7.606857492001978249e-02,-2.210756444131989351e-02,2.978839958325017398e-02,7.760389454594852909e-02,1.198910829777762171e-01,1.556450356472645069e-01,1.841064178309136656e-01,2.044634162215739626e-01,2.153596882029741311e-01,2.139771004595715787e-01,1.942719695360721199e-01,1.448673750747772881e-01,5.915558920585009539e-02
8.489295767251764380e-01,5.800537478211875708e-01,-5.498103648557270406e-02,-6.521099728617419933e-01,-8.342829362517140135e-01,-4.912210804832440325e-01,1.545260253236476478e-01,6.943760194795601803e-01,7.948044792464622477e-01,4.038638974057228159e-01,-2.252985450882670493e-01,-7.015808107171600527e-01,-7.412765854736933502e-01,-3.361044585540884366e-01,2.549955167472410800e-01,6.748520686947352409e-01,6.855167866945989230e-01,3.008158890231886762e-01,-2.381070580671947323e-01,-6.173342487486891406e-01,-6.340916844173490885e-01,-3.019486153665107975e-01,1.747264988436007804e-01,5.294711542699001017e-01,5.834307635996387464e-01,3.320609381875791466e-01,-7.035885652527136547e-02,-4.075320015903353688e-01,-5.181409723116063848e-01,-3.700641105279088849e-01,-6.022434463439968466e-02,2.489179415321292610e-01,4.153457455783867158e-01,3.808303500802207031e-01,1.852860991211112973e-01,-6.617516722694327669e-02,-2.599604267359270637e-01,-3.245078615815890077e-01,-2.533574383196665059e-01,-9.610328230168251051e-02,7.238073564537954308e-02,1.869152121292683433e-01,2.157581513357882674e-01,1.658825191024494439e-01,7.183763396549196212e-02,-2.358030861327014421e-02,-8.733059981818658279e-02,-1.061394009149693035e-01,-8.661680855017550584e-02,-4.784884096466275605e-02,-1.108509848621429608e-02,8.938353133209751833e-03,8.243746087030713945e-03,-7.072555110650829979e-03,-2.507937844691923365e-02,-3.353438640890124556e-02,-2.453547829015210666e-02,3.054433058084225425e-03,4.373296130556311723e-02,8.749495654872467554e-02,1.229683514295418084e-01,1.404862017499954041e-01,1.342965720952322972e-01,1.035250885808034621e-01,5.190929417462901430e-02,-1.338585206243716845e-02,-8.342668369941806661e-02,-1.492056753632850230e-01,-2.030379511268272930e-01,-2.394715434251400432e-01,-2.556667288782254466e-01,-2.513097112078603312e-01,-2.281902788785838965e-01,-1.895936825456990549e-01,-1.396442757809857604e-01,-8.270600746027251260e-02,-2.290531397887782261e-02,3.619515604743907267e-02,9.177256796622156043e-02,1.417889057578674283e-01,1.849325449998334425e-01,2.204832224831047849e-01,2.481181066655277767e-01,2.676575369600066034e-01,2.787120084510732454e-01,2.801151419920672736e-01,2.688657491405662125e-01,2.380798313506944097e-01,1.745388435387062176e-01,7.056835409582357110e-02
8.489295767251764380e-01,5.761916884645579273e-01,-6.549054621717279034e-02,-6.620156299163724167e-01,-8.313763176781517883e-01,-4.699580210007847092e-01,1.848640009061261469e-01,7.131464741608135594e-01,7.842582131766252518e-01,3.641342011894145303e-01,-2.724744610577654047e-01,-7.249986378779572638e-01,-7.211977968975750164e-01,-2.796485253921299763e-01,3.155525000491831711e-01,7.011360438095225467e-01,6.576967652328954417e-01,2.316886462384407375e-01,-3.092782113105549957e-01,-6.479267798071381979e-01,-6.039713537980614388e-01,-2.260939407880439844e-01,2.544865102002821788e-01,5.684569180448328929e-01,5.594685123702739515e-01,2.575656271144774467e-01,-1.558824699543466252e-01,-4.594685903324945420e-01,-5.104316118163974014e-01,-3.078037133193826103e-01,2.459091744518403580e-02,3.149065144669594418e-01,4.324693046375557293e-01,3.437601630659158358e-01,1.137245434629472335e-01,-1.388426582711975166e-01,-3.029271035251616673e-01,-3.226305705221397258e-01,-2.116551897410319794e-01,-3.499171791269805459e-02,1.275827667339223814e-01,2.167992063444977857e-01,2.134032580516330990e-01,1.372876140034336168e-01,3.121942191405287920e-02,-6.072291035417049648e-02,-1.101931312712940148e-01,-1.115018195410118068e-01,-7.819634431639706229e-02,-3.314115219004190593e-02,2.539694417060891791e-03,1.722281787557807670e-02,1.115854427708757625e-02,-6.140077129433611260e-03,-2.140163426253772691e-02,-2.340154920312586748e-02,-7.001669183684367491e-03,2.555853267960286543e-02,6.598075137037068272e-02,1.029150346129393684e-01,1.254398623696027781e-01,1.259450241603062848e-01,1.017619095260474116e-01,5.537206452876909657e-02,-6.573945965027798433e-03,-7.496223777042608505e-02,-1.401262638294169527e-01,-1.935267297038861245e-01,-2.289246773790865885e-01,-2.429460929591115148e-01,-2.350815299976387884e-01,-2.072576514206715403e-01,-1.631562166387803825e-01,-1.074498864763647615e-01,-4.508932464201265838e-02,1.927125003307792253e-02,8.166966703321942855e-02,1.390501274996472914e-01,1.893193080557648289e-01,2.312801517212561553e-01,2.644812615956094182e-01,2.890133188348943949e-01,3.052703245338329596e-01,3.136712031428692260e-01,3.142983175590398082e-01,3.063311590468253964e-01,2.869900104756885062e-01,2.494798956589957539e-01,1.805256621762943714e-01,7.242258229382071699e-02
8.489295767251764380e-01,5.724646651489387894e-01,-7.556657659683026218e-02,-6.713066647123391295e-01,-8.281068774759476891e-01,-4.491277576833627161e-01,2.137416904717311938e-01,7.299059898967462656e-01,7.723331960344879121e-01,3.249397245191464334e-01,-3.167882027037122739e-01,-7.443503159870211716e-01,-6.982216681810954340e-01,-2.237593915004068845e-01,3.715170221228336622e-01,7.208106497637559729e-01,6.250494415782292812e-01,1.629322504181523745e-01,-3.741580887324911231e-01,-6.691834907497354878e-01,-5.666493080059017418e-01,-1.497381197685478671e-01,3.269368156414095838e-01,5.956626390342448785e-01,5.254575594760697577e-01,1.804534287129403725e-01,-2.346257933450741906e-01,-4.982407809446616764e-01,-4.896910713831096884e-01,-2.392865751440702571e-01,1.055607439231638356e-01,3.686061928907781726e-01,4.346085551354309517e-01,2.959555916817228072e-01,4.048770241329509995e-02,-2.035746352911842472e-01,-3.320478983353179481e-01,-3.070133582335680122e-01,-1.618660858537214475e-01,2.576596960054769458e-02,1.748116980756551919e-01,2.347567835931271274e-01,1.998558115350718700e-01,1.019832851089094161e-01,-1.008283158944444508e-02,-9.337299691419936876e-02,-1.258478191771985888e-01,-1.097633941653291811e-01,-6.482741414520856726e-02,-1.630769914371425072e-02,1.610017771025062938e-02,2.460301939059870643e-02,1.362304746226126496e-02,-4.591923897032975169e-03,-1.636971065099821973e-02,-1.228512886861845947e-02,9.718865398316851867e-03,4.428283336188320457e-02,8.104857990768726816e-02,1.082989166855076596e-01,1.164932375491279370e-01,1.007116374013401622e-01,6.155671229173197839e-02,4.582282841802947683e-03,-6.131973279783564656e-02,-1.259910100881498352e-01,-1.799888709998076486e-01,-2.160871934897832525e-01,-2.301073094805374253e-01,-2.210763772851408460e-01,-1.908433098276772488e-01,-1.433490355737887800e-01,-8.375572076641490948e-02,-1.760622414941327707e-02,4.986920559556409088e-02,1.142396666994137250e-01,1.721436281264128176e-01,2.213667595094386265e-01,2.607711157335462770e-01,2.901246443832004029e-01,3.098752179060804135e-01,3.209017464053128821e-01,3.242582714549691048e-01,3.209040984077335956e-01,3.113766297696757279e-01,2.952931386786022960e-01,2.704219189176570448e-01,2.308633318508816479e-01,1.648656258160351440e-01,6.561039451513725473e-02
8.489295767251764380e-01,5.688765354516593931e-01,-8.520590561913946037e-02,-6.800043261723924815e-01,-8.245372175700244055e-01,-4.288066549939206773e-01,2.411458791113479105e-01,7.447789981189788522e-01,7.592826227853189947e-01,2.865282361696666058e-01,-3.582023207003293130e-01,-7.599426520867044177e-01,-6.729224793484238631e-01,-1.689696651365632796e-01,4.227878556148413902e-01,7.344168079080440892e-01,5.885874997626121541e-01,9.549619395510479392e-02,-4.324865984997953161e-01,-6.818573309618142231e-01,-5.236421812350878779e-01,-7.439185814595025703e-02,3.914718219300090674e-01,6.118900539574833042e-01,4.833604199347752428e-01,1.029069331452863167e-01,-3.053568619538229445e-01,-5.243348264842334627e-01,-4.580376374449438570e-01,-1.673148906286739956e-01,1.805564050868462278e-01,4.096489931693473308e-01,4.234226493970886795e-01,2.404079749221197659e-01,-3.142508710710147785e-02,-2.586915025147505376e-01,-3.476896047518148736e-01,-2.798952465953121749e-01,-1.071487174954379590e-01,8.336834281134358760e-02,2.126702232271896198e-01,2.412103849378182951e-01,1.770467517142328417e-01,6.258236391535534904e-02,-4.972825613533853051e-02,-1.201633766733197772e-01,-1.341326931187041549e-01,-1.017333081064671213e-01,-4.777805477555617519e-02,1.451860384635782555e-03,2.878698054941242895e-02,3.068085445580843312e-02,1.541852763465560369e-02,-2.800289564517981049e-03,-1.076054372985757630e-02,-1.397450512961380788e-03,2.421580210669918229e-02,5.807017518129833217e-02,8.856656547172570004e-02,1.045200209835404487e-01,9.848151553557200899e-02,6.855095423137709532e-02,1.847618377691715233e-02,-4.365343986001533894e-02,-1.075186473867716375e-01,-1.628314650467213021e-01,-2.012154983953527154e-01,-2.173933427413976549e-01,-2.095985119288128473e-01,-1.793112240205180508e-01,-1.305248893276010624e-01,-6.878302304430473912e-02,-2.016133920034199410e-04,6.936628920429668832e-02,1.349359896594015951e-01,1.927415162432578599e-01,2.403526675637561727e-01,2.766082689800030692e-01,3.014256218627933692e-01,3.155433690470018093e-01,3.202437763921502922e-01,3.170847155007482931e-01,3.076536040113428960e-01,2.933344847506642039e-01,2.750494016142418507e-01,2.528799736967104472e-01,2.253620093144652892e-01,1.880913099488623341e-01,1.320454576644558842e-01,5.199131676941948221e-02
8.489295767251764380e-01,5.654309910315907794e-01,-9.440574435273645093e-02,-6.881298482161491981e-01,-8.207276665109242142e-01,-4.090649259705074758e-01,2.670717672640818274e-01,7.578935633314799469e-01,7.453487490850259078e-01,2.491180953281160460e-01,-3.967160315992685482e-01,-7.720998484975719611e-01,-6.458454374088460348e-01,-1.157322397030205730e-01,4.693596159328942696e-01,7.425438456299741086e-01,5.492691722595264281e-01,3.017037219259163100e-02,-4.841971213639828520e-01,-6.868107323025203215e-01,-4.763953478695451271e-01,-1.308827573823917239e-03,4.478165702282069227e-01,6.181615977743141199e-01,4.350955496924203691e-01,2.677301885187658922e-02,-3.673335306980630710e-01,-5.386350092994218741e-01,-4.176668637216121582e-01,-9.436349268006240243e-02,2.480610654864248699e-01,4.382862530397791945e-01,4.008953410739391487e-01,1.799611823336737526e-01,-9.959575238675205666e-02,-3.032886363555564735e-01,-3.508559216258376190e-01,-2.437413688829990210e-01,-5.038205708790229054e-02,1.356826003057242380e-01,2.405507982172595260e-01,2.371946195330364160e-01,1.471343484118483314e-01,2.149619403710274421e-02,-8.589002557656585934e-02,-1.403439232937070402e-01,-1.353975246774772045e-01,-8.849921101554264480e-02,-2.834773784600139873e-02,1.907155527854925356e-02,3.996737198255966017e-02,3.517958273311153072e-02,1.636346056453085590e-02,-1.133636441023395469e-03,-5.276218225236418112e-03,8.304962561338263133e-03,3.557876696724943111e-02,6.648775079428641266e-02,8.900175329633103205e-02,9.321712502213233553e-02,7.423661020802609090e-02,3.322532440756731376e-02,-2.329710393083823244e-02,-8.539807779840073720e-02,-1.421794006146525902e-01,-1.840512411695361394e-01,-2.043614405477661156e-01,-2.001740015166145470e-01,-1.722290291110056826e-01,-1.242789675621685241e-01,-6.206879439946043353e-02,7.776781163457525264e-03,7.875203331019374475e-02,1.452265074427412372e-01,2.029085521851484997e-01,2.490280384215464438e-01,2.822903254852235366e-01,3.026717848050560766e-01,3.111279245479494637e-01,3.092743117965966460e-01,2.990837345010515236e-01,2.826246574100041431e-01,2.618482674331724103e-01,2.384140130031170424e-01,2.135225533160123590e-01,1.876897188026326879e-01,1.603244080359998436e-01,1.288770169678289945e-01,8.780894774611830433e-02,3.390901049522686977e-02
8.489295767251764380e-01,5.621315563539597271e-01,-1.031637018879961176e-01,-6.957043178776465275e-01,-8.167361417636834764e-01,-3.899668553815927585e-01,2.915219709666783676e-01,7.693797414422053338e-01,7.307617854776704558e-01,2.128995614810879344e-01,-4.323603674925116658e-01,-7.811565510924646238e-01,-6.175021543682680525e-01,-6.442374136201677037e-02,5.113090580675510033e-01,7.458102844701086642e-01,5.079850893293353931e-01,-3.240944729058702761e-02,-5.293879814816764284e-01,-6.849742319650621303e-01,-4.262516723243138794e-01,6.851135996395070482e-02,4.959802742377448781e-01,6.156463802562507359e-01,3.824732533916213040e-01,-4.645055171472298183e-02,-4.202463307323988650e-01,-5.423129320094992600e-01,-3.707378221176569899e-01,-2.252388530418724180e-02,3.071289448108452946e-01,4.552574248008294244e-01,3.691667562060694796e-01,1.171835573374541695e-01,-1.622109956058937208e-01,-3.371357012368665362e-01,-3.429986805753104662e-01,-2.010426450368703877e-01,5.963474409807919228e-03,1.812490236937838728e-01,2.585141043553204065e-01,2.241570940624376118e-01,1.123027650482491951e-01,-1.919892444223658678e-02,-1.172830287962905865e-01,-1.537082555363490921e-01,-1.303692605104369850e-01,-7.128485448061769314e-02,-7.760651437387957804e-03,3.567275088489296753e-02,4.919701063721292067e-02,3.794307592421529429e-02,1.633033307717906765e-02,9.156876538207335461e-05,-4.757416455154485596e-04,1.617432555175904452e-02,4.338746973705656651e-02,6.971161975674486366e-02,8.341544801173182699e-02,7.643514287759241299e-02,4.663858196571156467e-02,-1.934983729264008918e-03,-6.053472616775474463e-02,-1.181378142682338733e-01,-1.640607292463462097e-01,-1.900858457874224638e-01,-1.917250839780226535e-01,-1.685362083359893404e-01,-1.236378058271867530e-01,-6.269981541561743532e-02,7.281526282152757726e-03,7.915791736083836738e-02,1.465694714402401289e-01,2.045619100436047444e-01,2.498719005505174728e-01,2.809287702217730387e-01,2.976508993647872248e-01,3.011221506956519578e-01,2.932245127622512548e-01,2.762850107657013332e-01,2.527740019466316879e-01,2.250724273728764158e-01,1.953095595666696216e-01,1.652604329627755386e-01,1.362816479369464984e-01,1.092510509257956647e-01,8.445264805902567840e-02,6.131571336510165116e-02,3.809021479127784604e-02,1.376257740005011089e-02
8.489295767251764380e-01,5.589815875804993173e-01,-1.114777507973134796e-01,-7.027485500049514000e-01,-8.126180328888339410e-01,-3.715710501735152715e-01,3.145055388513240402e-01,7.793680800662314834e-01,7.157390821320277485e-01,1.780363859412015526e-01,-4.651934089568601771e-01,-7.874516828337077001e-01,-5.883675304042064180e-01,-1.534922213153082186e-02,5.487815381073154475e-01,7.448470865055635270e-01,4.655493755295362912e-01,-9.175239136695360898e-02,-5.682937616520574720e-01,-6.773104860324503651e-01,-3.744299429279362990e-01,1.343110402686389371e-01,5.362076147125032222e-01,6.055948163380084903e-01,3.271493719021476010e-01,-1.156097251359429617e-01,-4.641524878798253262e-01,-5.367258074412883939e-01,-3.192855052574863906e-01,4.651898659637977024e-02,3.573214223112464172e-01,4.616594172143711483e-01,3.303930976302596467e-01,5.428557775853291162e-02,-2.180418275221144842e-01,-3.605544011934877502e-01,-3.258418868243545541e-01,-1.541598613806381135e-01,5.989570364113239176e-02,2.192348640173971408e-01,2.671457049496656078e-01,2.037744581593505799e-01,7.460642154840838036e-02,-5.783651982660224788e-02,-1.431406404351365513e-01,-1.604929199569345988e-01,-1.200181619012531120e-01,-5.133039583579095122e-02,1.290929384001337880e-02,5.058989947915443902e-02,5.621459227545039933e-02,3.892719671139762555e-02,1.525521055612057315e-02,6.416153954263231979e-04,3.258113321514254004e-03,2.187282843318772568e-02,4.764430894958159718e-02,6.836658797014547040e-02,7.321057623021889893e-02,5.630917153091609395e-02,1.829103623607004209e-02,-3.429536269058501563e-02,-9.109466872521415626e-02,-1.407266571159511703e-01,-1.733974904467991685e-01,-1.827470550373014035e-01,-1.666714185552427840e-01,-1.271635696134194304e-01,-6.942301983791611397e-02,-5.749185081765234313e-04,7.167212209052094274e-02,1.401780998080343621e-01,1.991876668906512604e-01,2.447658089336184339e-01,2.748869804946095785e-01,2.892586752439216258e-01,2.889781528977307112e-01,2.761163048850295842e-01,2.533041806372698934e-01,2.233736291839504284e-01,1.890799639953319178e-01,1.529153227021997352e-01,1.170082450990795886e-01,8.309843789196282027e-02,5.257602507834188699e-02,2.658339882240960683e-02,6.199488098015111179e-03,-7.243264857338271683e-03,-1.179224944164715405e-02,-6.314270565211131669e-03
8.489295767251764380e-01,5.559842716118224004e-01,-1.193461932738425074e-01,-7.092829686579585902e-01,-8.084261040237665785e-01,-3.539307115037217399e-01,3.360369941402372440e-01,7.879882601923583474e-01,7.004845756552502412e-01,1.446676202653303656e-01,-4.952956729021303905e-01,-7.913230643440297696e-01,-5.588778889416744500e-01,3.125221682442101689e-02,5.819779668144596796e-01,7.402834101073481055e-01,4.226945085615126940e-01,-1.475004823722337322e-01,-6.012575106904761713e-01,-6.647839915864427462e-01,-3.220119357644615210e-01,1.955556166872490509e-01,5.689304417049189100e-01,5.892831686987158868e-01,2.705952163479286021e-01,-1.798743415397332790e-01,-4.994066467898430339e-01,-5.233274549384426821e-01,-2.651585217888801638e-01,1.114834352832047709e-01,3.986295654508745234e-01,4.588249110020954369e-01,2.866370298566620067e-01,-6.922182044776221607e-03,-2.663914544843509202e-01,-3.742891083905386385e-01,-3.012287647113600642e-01,-1.052130891808301105e-01,1.099207329130232336e-01,2.493545077184076142e-01,2.674086264285270298e-01,1.777954935573532180e-01,3.586173146366799375e-02,-9.318486750264826091e-02,-1.631562601384523303e-01,-1.612656898169428366e-01,-1.054368531967033590e-01,-2.980038324844458755e-02,3.278333419420592643e-02,6.337345775599073638e-02,6.092408760722804739e-02,3.818516152128086788e-02,1.313933899864854274e-02,3.785499277997817695e-04,5.721729794154458391e-03,2.533625760643270011e-02,4.867445027603959501e-02,6.335518822217642287e-02,5.990535346807240175e-02,3.482149110290033017e-02,-8.684309442949357180e-03,-6.202670894386436845e-02,-1.138867954635994495e-01,-1.531789927220544578e-01,-1.715186456708639728e-01,-1.646927753762374436e-01,-1.330044382858138474e-01,-8.065838878564866865e-02,-1.452802318087271886e-02,5.731258318210369351e-02,1.269620791456931297e-01,1.877497079902497312e-01,2.348776164003428535e-01,2.656509680476983326e-01,2.793695711495382539e-01,2.769891861307520742e-01,2.606649387385087113e-01,2.332730615204754998e-01,1.979807058170849343e-01,1.579052032109156956e-01,1.158796054862923641e-01,7.432369183459412720e-02,3.521017256869251461e-02,1.152685654637855588e-04,-2.964658976040117008e-02,-5.277531383394932357e-02,-6.753320245078957285e-02,-7.090956655896075989e-02,-5.763344317058693989e-02,-2.464853698882644994e-02
8.489295767251764380e-01,5.531426252690406775e-01,-1.267676281059084975e-01,-7.153274952738236658e-01,-8.042104140204686669e-01,-3.370939229282934324e-01,3.561354086436742117e-01,7.953678763637156424e-01,6.851884685154446819e-01,1.129095819048768906e-01,-5.227657119424606869e-01,-7.931028029826105996e-01,-5.294302028298879526e-01,7.520115692967696552e-02,6.111425049418617306e-01,7.327348307826418994e-01,3.800694165941527203e-01,-1.994147727676450765e-01,-6.287046338591496530e-01,-6.483365216561824962e-01,-2.699368949251400029e-01,2.519100734798459529e-01,5.947219130940297749e-01,5.679684523610049052e-01,2.140816877711150534e-01,-2.387080859236207775e-01,-5.265927011233795252e-01,-5.035940179379313486e-01,-2.099798161757681358e-01,1.714676078675552440e-01,4.313910896116522342e-01,4.482152678879172125e-01,2.397885191670704186e-01,-6.503784182856836571e-02,-3.070230554477365037e-01,-3.793815165958945856e-01,-2.709973411363793550e-01,-5.601326924303770549e-02,1.550245655583602777e-01,2.717711036907393130e-01,2.605050147613106049e-01,1.479172282323890086e-01,-2.417157133444556693e-03,-1.244332280898864107e-01,-1.774042532019813323e-01,-1.568158869946647271e-01,-8.773965996409543999e-02,-7.720210642292819544e-03,5.119671574527756563e-02,7.377576779957321917e-02,6.336906672270048446e-02,3.584889383530173723e-02,1.004351315632021936e-02,-7.420504695641827421e-04,6.871149270012560061e-03,2.671524113920120333e-02,4.701542591265733817e-02,5.570076211831009177e-02,4.495468092633163326e-02,1.364165542495365986e-02,-3.274199078735516577e-02,-8.409217278053826572e-02,-1.287250456752636607e-01,-1.563823937595214542e-01,-1.604401613321808917e-01,-1.389412449601419020e-01,-9.445917445410961788e-02,-3.307482605865881553e-02,3.712322131667724484e-02,1.076085415853403476e-01,1.707448974479835735e-01,2.206935464611782804e-01,2.538505734591443574e-01,2.688644074502852255e-01,2.663422770724933608e-01,2.483742395039588713e-01,2.179940659576581896e-01,1.786696711795299208e-01,1.338829374453257837e-01,8.682787892773483063e-02,4.023203110822378553e-02,-3.709069919935899327e-03,-4.329977733398036877e-02,-7.722484705029462881e-02,-1.043332954839702176e-01,-1.232705295590725003e-01,-1.318060385468572404e-01,-1.255696638887321692e-01,-9.655095896584953152e-02,-4.010675206662595721e-02
8.489295767251764380e-01,5.504594946018489532e-01,-1.337409186355572044e-01,-7.209014436278843307e-01,-8.000182525657950627e-01,-3.211039496137539362e-01,3.748235145985249761e-01,8.016313506373948794e-01,6.700271112659568207e-01,8.285792293654659080e-02,-5.477159680323470115e-01,-7.931134154739154507e-01,-5.003822490991872707e-01,1.163712008377384005e-01,6.365511786581653508e-01,7.227939077479007546e-01,3.382402794811743552e-01,-2.473603970099556570e-01,-6.511190206747929921e-01,-6.288680328741008685e-01,-2.190021527406801338e-01,3.032127722891871935e-01,6.142545109446897467e-01,5.428535120946723636e-01,1.586752485767807530e-01,-2.918319481864469211e-01,-5.464599895720921863e-01,-4.789650265100880433e-01,-1.551272665192882649e-01,2.259120373147425753e-01,4.562080734640639457e-01,4.313311760653530391e-01,1.915137727102873000e-01,-1.190514064990696730e-01,-3.400774298623918668e-01,-3.770571365034939837e-01,-2.368862881848296797e-01,-8.030173056026329234e-03,1.946277250613698273e-01,2.869921962932615589e-01,2.477555071383816532e-01,1.156953682877849693e-01,-3.904508636276309008e-02,-1.511510079717757193e-01,-1.862526608606238920e-01,-1.480556942399619269e-01,-6.798550130149991211e-02,1.406116117785760795e-02,6.769696946921349712e-02,8.172562343207775970e-02,6.370308599186855214e-02,3.210838786562514313e-02,6.076938249333614130e-03,-2.684447541110224732e-03,6.788823908493287797e-03,2.630783350503391668e-02,4.331297898801247243e-02,4.641997808033312273e-02,2.962746133284354169e-02,-5.954858387156123506e-03,-5.291712089743531161e-02,-1.001490644517160772e-01,-1.361189598433789616e-01,-1.517913949765073989e-01,-1.424930071164349499e-01,-1.084795545168907027e-01,-5.434398491345213827e-02,1.235291868643038221e-02,8.276826760553333828e-02,1.483700141511421489e-01,2.021568675648048319e-01,2.393759763301471222e-01,2.577411488779905446e-01,2.572449665214248116e-01,2.397022577646588937e-01,2.081669508799541546e-01,1.663420824499192707e-01,1.180673270754022952e-01,6.693107031828716968e-02,1.602229154077226825e-02,-3.218478014409081184e-02,-7.583194880836856278e-02,-1.135840515440402765e-01,-1.444510819562719595e-01,-1.675080150069857832e-01,-1.814360359292976621e-01,-1.836849159606432080e-01,-1.688861851309658713e-01,-1.269647214574690652e-01,-5.208203897978756075e-02
8.489295767251764380e-01,5.479375543105706736e-01,-1.402651618408357614e-01,-7.260234215814130865e-01,-7.958940906014873029e-01,-3.059995437636836568e-01,3.921268590998460146e-01,8.068989740472124472e-01,6.551630579961590373e-01,5.458975343646679801e-02,-5.702689105502755096e-01,-7.916646363707527945e-01,-4.720535327976176920e-01,1.546821351158736702e-01,6.585015299059742144e-01,7.110229208292156988e-01,2.976935110780733473e-01,-2.912912007961408478e-01,-6.690217548200312336e-01,-6.072226265625979558e-01,-1.698686272724558577e-01,3.494481149230960204e-01,6.282628519065860395e-01,5.150616103090766007e-01,1.052433449042806252e-01,-3.391843780401636588e-01,-5.598660594596875928e-01,-4.507993581342292777e-01,-1.017305866507481199e-01,2.745535894224176432e-01,4.738700595985107511e-01,4.096421390925083506e-01,1.432285703535982335e-01,-1.683098073792690941e-01,-3.659885482780563248e-01,-3.686284054542998678e-01,-2.004698916988855162e-01,3.761037248429297680e-02,2.285233003699501664e-01,2.957688725120654061e-01,2.305009721885710738e-01,8.248694856546091858e-02,-7.316305007280217432e-02,-1.732305517178969745e-01,-1.902772088691572216e-01,-1.359377782532835144e-01,-4.712443021286624040e-02,3.488624482131584548e-02,8.202735363793703383e-02,8.729663465524496735e-02,6.215940666771008899e-02,2.719095497448143633e-02,1.382788277765191302e-03,-5.352719710069489892e-03,5.644569316054661064e-03,2.449410187831093863e-02,3.823383710620149173e-02,3.643138333368409199e-02,1.493796125565055068e-02,-2.310309104631749072e-02,-6.876617524673232784e-02,-1.104034862439317588e-01,-1.370485756921926979e-01,-1.411460358188182662e-01,-1.200221119953505944e-01,-7.598704635231209870e-02,-1.533253520165118317e-02,5.331248345496238106e-02,1.207760135491745962e-01,1.788915908228030649e-01,2.215633458402221367e-01,2.452718775209623558e-01,2.490739314240419944e-01,2.342269753416487132e-01,2.035978511466018104e-01,1.610041011735049710e-01,1.106027878642548701e-01,5.639925068115129309e-02,1.908240745100903569e-03,-5.003123365653538296e-02,-9.730557829916093582e-02,-1.384669350822766432e-01,-1.725872416580340740e-01,-1.990343794726259774e-01,-2.171464801211046292e-01,-2.257124956128391535e-01,-2.220252986107867643e-01,-2.000792763398014928e-01,-1.484225404960237416e-01,-6.042018824699992019e-02
8.489295767251764380e-01,5.455793072700044766e-01,-1.463396586725299320e-01,-7.307112395760668733e-01,-7.918795433713781140e-01,-2.918152517834522452e-01,4.080730048866254012e-01,8.112860680813782643e-01,6.407452661428628682e-01,2.816577679780199808e-02,-5.905534778964981468e-01,-7.890508552328923120e-01,-4.447268271346177526e-01,1.900930994772779548e-01,6.773033615370172011e-01,6.979485633943078859e-01,2.588404286145191135e-01,-3.312344842315416704e-01,-6.829525720696374425e-01,-5.841790235301063117e-01,-1.230700051266517409e-01,3.907193411567747021e-01,6.375117592734059757e-01,4.856195419290225135e-01,5.446696814250041874e-02,-3.808807125875530164e-01,-5.677272747904669181e-01,-4.203448888314283427e-01,-5.068088831862679888e-02,3.173753558000018127e-01,4.852856006614034157e-01,3.845343598588361056e-01,9.609159942794058551e-02,-2.124705063234743618e-01,-3.854029876003914890e-01,-3.554166199806971793e-01,-1.631190927350166520e-01,8.010741063556070518e-02,2.568072267691404176e-01,2.990049275879746449e-01,2.100280556175637414e-01,4.942095164688916492e-02,-1.042140202461030590e-01,-1.908225929637137608e-01,-1.901832286037688780e-01,-1.213914996448769296e-01,-2.596573426181952859e-02,5.428669398338065166e-02,9.410087461186183999e-02,9.067359370342656377e-02,5.902253193305984080e-02,2.134193464614590058e-02,-3.877320805823458814e-03,-8.613181984785471187e-03,3.657022284309773864e-03,2.167978781293594323e-02,3.240052652721374382e-02,2.649981495813496027e-02,1.622921927318340431e-03,-3.731786718486547472e-02,-8.027052541383399020e-02,-1.154493330776189958e-01,-1.327546291749205354e-01,-1.262413621600010916e-01,-9.517082392472253627e-02,-4.367177787271713657e-02,2.061541821741892655e-02,8.838554392804336135e-02,1.505017285788900483e-01,1.994463681083472328e-01,2.302008249558653574e-01,2.405323013043048075e-01,2.307870474079842527e-01,2.033522295798361190e-01,1.619603560714656110e-01,1.109854041908876765e-01,5.483620878613684746e-02,-2.494736510399070233e-03,-5.770988286652226767e-02,-1.083246851074547018e-01,-1.526533039176563022e-01,-1.896941244837013762e-01,-2.189404464127020777e-01,-2.401235014655973832e-01,-2.528590424140994553e-01,-2.560954755630051594e-01,-2.471097038919240763e-01,-2.195891921853475870e-01,-1.613443519569390805e-01,-6.531423865560911923e-02
8.489295767251764380e-01,5.433870841433047216e-01,-1.519638857672371002e-01,-7.349818258085785150e-01,-7.880133444511215890e-01,-2.785817190454485393e-01,4.226907803520348894e-01,8.149022577832419900e-01,6.269094128942632738e-01,3.632399898936253691e-03,-6.087018320604986599e-01,-7.855491190290371240e-01,-4.186501866376255987e-01,2.225959117820708322e-01,6.932705909376215558e-01,6.840583530975511417e-01,2.220231557031964176e-01,-3.672762773247756907e-01,-6.934540853811420602e-01,-5.604449429182188913e-01,-7.902452759410998062e-02,4.272224270766803444e-01,6.427696987291436903e-01,4.554481031023762672e-01,6.858241787312448039e-03,-4.171738473945142966e-01,-5.709777802914889344e-01,-3.887201425822293666e-01,-2.649450330058976920e-03,3.545560920844255115e-01,4.914239536422164711e-01,3.572754811299019839e-01,5.101324499922870598e-02,-2.514493226447505059e-01,-3.991072923152386709e-01,-3.386929001111525506e-01,-1.259844532258627137e-01,1.189509119503189133e-01,2.798076930517595651e-01,2.976798688397803150e-01,1.875176010819887829e-01,1.739155708282274018e-02,-1.319050535786727985e-01,-2.042713531281128980e-01,-1.867394531157568760e-01,-1.052776755811827558e-01,-5.164226747230896142e-03,7.196855196344592587e-02,1.039695301828214014e-01,9.212002298705875003e-02,5.460327526261878756e-02,1.480806325109433608e-02,-9.538042704461510007e-03,-1.231594403605225201e-02,1.059900831276652886e-03,1.825272462007705362e-02,2.634891357299286307e-02,1.721202326092440005e-02,-9.846974104657960775e-03,-4.843383164395770324e-02,-8.772516425717211130e-02,-1.161149238463550504e-01,-1.245635000036933310e-01,-1.087587969222320733e-01,-6.974939851330905216e-02,-1.320392334953367913e-02,5.223548207224070622e-02,1.169344925081162168e-01,1.720809849238782163e-01,2.109999956455599901e-01,2.298325181292141528e-01,2.276084394838996938e-01,2.058534119854267819e-01,1.679163742853885255e-01,1.181998927344665301e-01,6.143803808521523802e-02,2.115037302164972897e-03,-5.593266470382080718e-02,-1.097287881673749549e-01,-1.572083431727039349e-01,-1.971441194962034738e-01,-2.289853009904786740e-01,-2.526348452442888637e-01,-2.681715174344601049e-01,-2.754845772377719770e-01,-2.737138563970358263e-01,-2.602330599375169973e-01,-2.287025147826292348e-01,-1.667448165849626518e-01,-6.719151320188794518e-02
8.489295767251764380e-01,5.413630430746121380e-01,-1.571374686498446804e-01,-7.388511479977624141e-01,-7.843313291596329950e-01,-2.663259884572712899e-01,4.360095808611448298e-01,8.178508474660135530e-01,6.137783018218797570e-01,-1.897621361814152280e-02,-6.248464275192586737e-01,-7.814176325574598847e-01,-3.940393013953500945e-01,2.522086670154480847e-01,7.067141884640738558e-01,6.697985109287594163e-01,1.875213535894838801e-01,-3.995474576605846928e-01,-7.010586809385275231e-01,-5.366547471075762132e-01,-3.804843155840918062e-02,4.592217714610400403e-01,6.447873966146108193e-01,4.253586589570227394e-01,-3.721881497524273663e-02,-4.484175552688169364e-01,-5.705367343352066856e-01,-3.569059954633464482e-01,4.188739424718845167e-02,3.864218648427101277e-01,4.932675213238121859e-01,3.289939679736600397e-01,8.675512667126189167e-03,-2.853669578608382107e-01,-4.079656049604002410e-01,-3.196369619502263393e-01,-8.999646881054196301e-02,1.538790478937374084e-01,2.980186260698039491e-01,2.927873694484294242e-01,1.640134588367525015e-01,-1.293157619001538729e-02,-1.561621563826296466e-01,-2.140542122785129564e-01,-1.807254522396330720e-01,-8.836028589053268600e-02,1.477918592359516760e-02,8.778961023495514271e-02,1.117924479928167625e-01,9.194908257068791502e-02,4.921836855704819769e-02,7.824264749671990329e-03,-1.544280081851842276e-02,-1.631336123181080511e-02,-1.924578767669290688e-03,1.455292719924431571e-02,2.050613191253500625e-02,8.976534831208325682e-03,-1.923316602021827790e-02,-5.653189489709287835e-02,-9.162947201940267739e-02,-1.133318428046221071e-01,-1.137554973465737945e-01,-9.015882329020408203e-02,-4.517585030577569299e-02,1.427699677515240941e-02,7.887548430891096196e-02,1.389439111072850175e-01,1.862059612292825961e-01,2.149398984445274607e-01,2.224537238158297292e-01,2.089584193487230290e-01,1.770134145798357150e-01,1.307487757508893900e-01,7.504901363762736533e-02,1.483502540318992237e-02,-4.547677496696075905e-02,-1.023112544311321342e-01,-1.530792735909515256e-01,-1.961653480383848680e-01,-2.308016787754328669e-01,-2.568685019181693452e-01,-2.746478239377245223e-01,-2.845351490729930988e-01,-2.866753421949741476e-01,-2.804142234047862225e-01,-2.633050278653870091e-01,-2.292008671264458564e-01,-1.659762428169645754e-01,-6.660979156574260707e-02
8.489295767251764380e-01,5.395091694496616519e-01,-1.618601565297947131e-01,-7.423341416393114400e-01,-7.808664258097054445e-01,-2.550717893720379492e-01,4.480587227769199932e-01,8.202282896773059884e-01,6.014623350105278154e-01,-3.963617369734772494e-02,-6.391173892194779160e-01,-7.768946882565969103e-01,-3.710800729677652954e-01,2.789697003716578583e-01,7.179361479337141860e-01,6.555730580597179946e-01,1.555594268762774957e-01,-4.282109238644836169e-01,-7.062779029258983154e-01,-5.133697190495746243e-01,-3.702405257280370920e-04,4.870281136435690161e-01,6.442812532628613420e-01,3.960545578633871688e-01,-7.752589798233884555e-02,-4.750333559217438384e-01,-5.672832846077278113e-01,-3.257454231319204530e-01,8.261988014126808721e-02,4.134017140408974278e-01,4.917747985275838229e-01,3.006705839701618865e-01,-3.044076612263686005e-02,-3.144975136321904174e-01,-4.128685219739668399e-01,-2.993115570763395517e-01,-5.587871931163999190e-02,1.848316333262475519e-01,3.120404289155927491e-01,2.852891075839164015e-01,1.404083347500830470e-01,-4.108126592458166693e-02,-1.770830091206499757e-01,-2.207290004655690641e-01,-1.728927995019963193e-01,-7.129259078523522697e-02,3.350657142415276041e-02,1.017326830852302716e-01,1.178055785580810755e-01,9.049911998553740455e-02,4.317502256292993917e-02,6.042133319376343176e-04,-2.145323758229280078e-02,-2.047416321318488303e-02,-5.104388471416091561e-03,1.085531601077725956e-02,1.518486304902127819e-02,2.040169184841171546e-03,-2.648345017989671424e-02,-6.186414954823309109e-02,-9.259098453256967010e-02,-1.080329720695484552e-01,-1.014768886087404204e-01,-7.162708023168588845e-02,-2.247251693707010348e-02,3.810548232166583588e-02,1.003776609958981492e-01,1.548490405771210110e-01,1.939148970165707753e-01,2.128453514786911305e-01,2.100643402560220252e-01,1.868435816685366235e-01,1.466135619723092365e-01,9.410786871941966003e-02,3.452404553114930830e-02,-2.717327783164091501e-02,-8.674290456616109979e-02,-1.409395520331688245e-01,-1.875930395739731360e-01,-2.255382637330586304e-01,-2.544445713262258879e-01,-2.745864237430324928e-01,-2.865821439530115700e-01,-2.911041068281672861e-01,-2.885258059075505033e-01,-2.783994392083594671e-01,-2.585117640172189257e-01,-2.230672054832070761e-01,-1.605162556517494843e-01,-6.417218136249408511e-02
8.489295767251764380e-01,5.378272757141764338e-01,-1.661317987869162793e-01,-7.454446446318578889e-01,-7.776486533264604928e-01,-2.448398137096454708e-01,4.588668510176177051e-01,8.221237379316500560e-01,5.900600277556247164e-01,-5.833200000221625686e-02,-6.516401892125841533e-01,-7.721979572769167577e-01,-3.499313055531900751e-01,3.029319798503067318e-01,7.272244150330380297e-01,6.417438870518701322e-01,1.263139021103851511e-01,-4.534499560819926223e-01,-7.095940851743298694e-01,-4.910803670524668263e-01,3.385475480845026586e-02,5.109789208580876041e-01,6.419210259392198470e-01,3.681362028496479866e-01,-1.139276515190945083e-01,-4.974814179677445880e-01,-5.620384646473591816e-01,-2.959493477690133822e-01,1.193750706569642051e-01,4.359883994183496592e-01,4.878529860309097632e-01,2.731393443127755338e-01,-6.602468809116283921e-02,-3.392212178302599357e-01,-4.146930728725510273e-01,-2.786499497737941478e-01,-2.416974739085683485e-02,2.119034977103599615e-01,3.225296465115526368e-01,2.760827634353681947e-01,1.174430223065614232e-01,-6.676358664778456187e-02,-1.948912481571093425e-01,-2.248903921074506818e-01,-1.639389087375129339e-01,-5.461473159874666305e-02,5.078521628316932934e-02,1.138777533424123328e-01,1.222946591452720583e-01,8.811440524768621163e-02,3.676038408619686920e-02,-6.665337894609265484e-03,-2.745528460162367790e-02,-2.469290292200193929e-02,-8.328908741223840437e-03,7.362880179847463777e-03,1.058934096977112715e-02,-3.485811381868080677e-03,-3.168285963894302421e-02,-6.478544437542189949e-02,-9.124788935750115237e-02,-1.010808726076634217e-01,-8.869073403823866941e-02,-5.406228421440716775e-02,-2.300699542494301451e-03,5.800600612929147915e-02,1.169499796594769409e-01,1.653738837003284334e-01,1.964131606765980864e-01,2.063100730859749599e-01,1.945114599157212465e-01,1.632073480154933587e-01,1.165341651695379344e-01,5.966566317379237011e-02,-2.030280820624630073e-03,-6.365542771799967414e-02,-1.212163053566532589e-01,-1.718330731702078229e-01,-2.137579769467799484e-01,-2.462548070937879696e-01,-2.693916907008104267e-01,-2.837900099480626381e-01,-2.903554395993982462e-01,-2.899932967572394493e-01,-2.832738125027290388e-01,-2.699452980724562079e-01,-2.480566261474968504e-01,-2.122646702630889559e-01,-1.518100162886269200e-01,-6.046436977192480577e-02
8.489295767251764380e-01,5.363190012404986939e-01,-1.699523232341523249e-01,-7.481953381501847966e-01,-7.747051238448595667e-01,-2.356479764776459318e-01,4.684614004929436026e-01,8.236186738238286953e-01,5.796585448038051869e-01,-7.505488187507537712e-02,-6.625336076635438554e-01,-7.675240757651555779e-01,-3.307274189992596702e-01,3.241579726297589281e-01,7.348486850424295058e-01,6.286315770884683962e-01,9.992072789530571930e-02,-4.754578267159295657e-01,-7.114539510885045104e-01,-4.702101974946673035e-01,6.453035055465229652e-02,5.314213175215545260e-01,6.383211758671608616e-01,3.421086944964285004e-01,-1.463694854704680470e-01,-5.162356369677689738e-01,-5.555530153194163656e-01,-2.681067992201490169e-01,1.520873983833356535e-01,4.547046967844330378e-01,4.823390563685142074e-01,2.470954487227157159e-01,-9.790257963046140877e-02,-3.599826481767616215e-01,-4.142729743997363712e-01,-2.584536495116728227e-01,4.749853006688059022e-03,2.353004163403775162e-01,3.301580472906175956e-01,2.659822338192449620e-01,9.571544630775501161e-02,-8.982519718149735433e-02,-2.098947141926985616e-01,-2.271356763540611501e-01,-1.544917770153513836e-01,-3.875987518992257685e-02,6.648601864644332338e-02,1.243750903162878091e-01,1.255723561371524244e-01,8.513102483636035556e-02,3.023549730855388043e-02,-1.382673942277016892e-02,-3.336192854161762478e-02,-2.889498942201392667e-02,-1.149382845275465775e-02,4.207601517754263123e-03,6.828636497719157462e-03,-7.595702672308341126e-03,-3.500720102081369967e-02,-6.569627613512192543e-02,-8.821188067918361853e-02,-9.322377706558150623e-02,-7.615878870650455434e-02,-3.809351403309714501e-02,1.498261044014769471e-02,7.399912854442193544e-02,1.290433857506825821e-01,1.713925010638185642e-01,1.949341113988182494e-01,1.968185493825701515e-01,1.773954248623675345e-01,1.396221353727916115e-01,8.818422299315914481e-02,2.855344766955971933e-02,-3.384541524115054073e-02,-9.425814430987156101e-02,-1.489798773356442174e-01,-1.955040511790738511e-01,-2.324866805275435100e-01,-2.595830975916367245e-01,-2.772119356994044437e-01,-2.862892335727046933e-01,-2.879575056214035977e-01,-2.833109160719078923e-01,-2.730829804061550292e-01,-2.572005487941644297e-01,-2.339821725789138496e-01,-1.985882591532906472e-01,-1.411662535373275906e-01,-5.601373301813569044e-02
8.489295767251764380e-01,5.349858122335668931e-01,-1.733217162362147012e-01,-7.505976936380434061e-01,-7.720600489901896513e-01,-2.275116581882486166e-01,4.768681113885615552e-01,8.247865994184100380e-01,5.703342390789724048e-01,-8.980107654029195752e-02,-6.719079613391751860e-01,-7.630484636562007150e-01,-3.135811028231297315e-01,3.427150119771111836e-01,7.410569729033108510e-01,6.165167402342104364e-01,7.648229184404156666e-02,-4.944286709144476433e-01,-7.122638857611445218e-01,-4.511204517269424841e-01,9.160601874710611048e-02,5.486975021314914880e-01,6.340352409102869569e-01,3.183910864908505722e-01,-1.748566787710406079e-01,-5.317627774391870954e-01,-5.485000593423944304e-01,-2.426978171007019014e-01,1.807706801244590433e-01,4.700752467984912752e-01,4.759878551594508012e-01,2.231079377009603792e-01,-1.260058004949244637e-01,-3.772549975353871599e-01,-4.123778380374845676e-01,-2.393977009997287353e-01,3.062798786014070754e-02,2.552992456953542821e-01,3.355807416028233625e-01,2.557077746143546215e-01,7.569628748159087928e-02,-1.102200409970497674e-01,-2.224489860691467313e-01,-2.280393154252327303e-01,-1.451035333399869620e-01,-2.406620540542135298e-02,8.056034762375201275e-02,1.334206659504080517e-01,1.279598479709981862e-01,8.186750362445742446e-02,2.383316001628306077e-02,-2.075059435058128343e-02,-3.911301924925905671e-02,-3.303794258577840565e-02,-1.454119211483710303e-02,1.456476022189882044e-03,3.933433721022696478e-03,-1.035980005091808806e-02,-3.668295512386395008e-02,-6.499883097576658608e-02,-8.403018103133363947e-02,-8.507430242455141234e-02,-6.444589992259212863e-02,-2.411538617809731028e-02,2.925885712083494544e-02,8.631032573145640263e-02,1.372451702975040766e-01,1.738195709478904949e-01,1.906403729597469787e-01,1.856705345166693166e-01,1.600275554880248863e-01,1.172868560237991381e-01,6.254142379254035156e-02,1.443390286110529707e-03,-6.060974656050142212e-02,-1.190556293533551468e-01,-1.704918878935486881e-01,-2.127709974711999574e-01,-2.449179546541347674e-01,-2.669321427305132444e-01,-2.795295906660406615e-01,-2.838680023412367692e-01,-2.812780672310134511e-01,-2.730012720407788418e-01,-2.599018640006396930e-01,-2.420632355469174712e-01,-2.180647827547082251e-01,-1.835803763806998501e-01,-1.296998985050064057e-01,-5.126723336352714128e-02
8.489295767251764380e-01,5.338290016680887762e-01,-1.762400047550322923e-01,-7.526619257934608065e-01,-7.697347486468540945e-01,-2.204439269624529352e-01,4.841105979833635331e-01,8.256927862578172794e-01,5.621531758224599384e-01,-1.025704568465316685e-01,-6.798635811840633147e-01,-7.589253175959056463e-01,-2.985858422691274328e-01,3.586711775082758735e-01,7.460728555172767562e-01,6.056417057884856403e-01,5.607399152274981230e-02,-5.105495860496168659e-01,-7.123865823421104970e-01,-4.341153642936325663e-01,1.150645248927855968e-01,5.631325065977865751e-01,6.295525992710491181e-01,2.973264311535623872e-01,-1.994352504654650082e-01,-5.445053864680075018e-01,-5.414715560169724995e-01,-2.201077556942771796e-01,2.054924144018661636e-01,4.826036261411655315e-01,4.694657593947103025e-01,2.016351206421619913e-01,-1.503404349620943437e-01,-3.915103624201170529e-01,-4.096997597028033122e-01,-2.220410721164765289e-01,5.331144011744411160e-02,2.722131006159907440e-01,3.394123769407849656e-01,2.458837031140687357e-01,5.774843324919953086e-02,-1.279774072005941676e-01,-2.329266594393710754e-01,-2.281351503677238046e-01,-1.362506233681749501e-01,-1.079244791171077994e-02,9.301704753647835333e-02,1.412345442475746449e-01,1.297726302295764689e-01,7.861946258200649962e-02,1.775895061589000817e-02,-2.733241970323314202e-02,-4.467260926271966748e-02,-3.710966699742383745e-02,-1.745608342057015927e-02,-8.796969933080197278e-04,1.873382369215676737e-03,-1.189810997261189426e-02,-3.695534081408637095e-02,-6.306599151684476323e-02,-7.916388581423447479e-02,-7.710520594928577109e-02,-5.393882798975684068e-02,-1.233166017795874272e-02,4.058233607678315980e-02,9.528937505966886268e-02,1.421932429615768989e-01,1.735308105300172876e-01,1.845612958546278826e-01,1.739446078294080711e-01,1.434259991432906278e-01,9.705791646787668980e-02,4.021784953336614982e-02,-2.135435847322207994e-02,-8.234556188579544855e-02,-1.384073824870182268e-01,-1.864319671048428328e-01,-2.246000268567963365e-01,-2.522599114240648976e-01,-2.697020875184429900e-01,-2.778858551608087146e-01,-2.781598092745566908e-01,-2.719981777466967121e-01,-2.607524915441613578e-01,-2.453876879453427695e-01,-2.261195757355618230e-01,-2.017675348010025405e-01,-1.684967832310847735e-01,-1.183110573960624162e-01,-4.658386071691158342e-02
8.489295767251764380e-01,5.328496892495054871e-01,-1.787072403848751767e-01,-7.543969514234278861e-01,-7.677476611298191811e-01,-2.144557383927586380e-01,4.902099704849205986e-01,8.263940729202703395e-01,5.551716270530083763e-01,-1.133652172094200966e-01,-6.864895200922529472e-01,-7.552877246877520712e-01,-2.858182583788451137e-01,3.720916910446013803e-01,7.500932874443515530e-01,5.962123713538148850e-01,3.875023287599449473e-02,-5.239939015694839997e-01,-7.121387752277484884e-01,-4.194475614621643311e-01,1.349107779530540618e-01,5.750240940437025827e-01,6.252970205918455537e-01,2.791919271613328424e-01,-2.201748994113192914e-01,-5.548680726965334875e-01,-5.349775163207800555e-01,-2.006418886332831386e-01,2.263508546571655344e-01,4.927540945622093105e-01,4.633484528224583454e-01,1.830411499201936576e-01,-1.709597758599137318e-01,-4.031956443209496199e-01,-4.068456429429367915e-01,-2.068400002324105591e-01,7.271765745344613285e-02,2.863617965202125415e-01,3.422101118200280290e-01,2.370413992036157491e-01,4.214801950176082918e-02,-1.431726213863852293e-01,-2.416922029007182726e-01,-2.279048128962727904e-01,-1.283385690078862051e-01,8.649511675822396228e-04,1.039006956950582483e-01,1.480424102451768920e-01,1.313099940916338804e-01,7.565747419098253768e-02,1.219466417461912734e-02,-3.348738518448777374e-02,-5.002434872053734133e-02,-4.112453583858234618e-02,-2.026125455558695776e-02,-2.836589646093026339e-03,5.730087107655033787e-04,-1.235890810642522979e-02,-3.606493167716348647e-02,-6.022187957579272499e-02,-7.397907982084357681e-02,-6.965667825185310746e-02,-4.487267819293971893e-02,-2.800189379368180770e-03,4.912102577917525081e-02,1.013442573553749865e-01,1.445121319252594128e-01,1.713103568835610546e-01,1.775598640725685184e-01,1.624905450100045390e-01,1.283366907826317960e-01,7.949895160080651391e-02,2.153601048046813529e-02,-3.979388671104737429e-02,-9.929543828484736767e-02,-1.528352905660784467e-01,-1.975753639704895537e-01,-2.319821618751696235e-01,-2.556752518782171579e-01,-2.691812482708863530e-01,-2.736501937020051622e-01,-2.705747972599817364e-01,-2.615333505335244446e-01,-2.479551785036909206e-01,-2.308792462270848611e-01,-2.106291950023068682e-01,-1.862352963750389390e-01,-1.543084036802212511e-01,-1.076894855268542561e-01,-4.223719609175066031e-02
8.489295767251764380e-01,5.320488213921548137e-01,-1.807234854321925488e-01,-7.558103540521129426e-01,-7.661143537885525268e-01,-2.095561115020673493e-01,4.951845092484272182e-01,8.269387037693787246e-01,5.494365231978211028e-01,-1.221887442499498544e-01,-6.918624723592542436e-01,-7.522478493648314668e-01,-2.753402139661600412e-01,3.830358228678403254e-01,7.532868960910981126e-01,5.884000713373804814e-01,2.454976019989962149e-02,-5.349155438191378620e-01,-7.117897925416771798e-01,-4.073232789264437104e-01,1.511620457141564511e-01,5.846345600549155419e-01,6.216264509814974915e-01,2.642086080114915414e-01,-2.371541747482611429e-01,-5.632066868377803015e-01,-5.294470476095201050e-01,-1.845394296179219962e-01,2.434551090970707987e-01,5.009373534075933776e-01,4.581214855336109282e-01,1.676124296654038226e-01,-1.879401275735645971e-01,-4.127134111373590430e-01,-4.043336533975010472e-01,-1.941625055475862394e-01,8.880902942289992108e-02,2.980473492684024839e-01,3.444619237148818791e-01,2.296255625244693344e-01,2.910532605638512654e-02,-1.559010648449241920e-01,-2.490818094050353815e-01,-2.277707924912749371e-01,-1.217094518660554597e-01,1.075445132529217508e-02,1.132717565217085387e-01,1.540600374013448015e-01,1.328474252664131050e-01,7.322721639308309161e-02,7.303409427943247968e-03,-3.914366451422077176e-02,-5.516541694627578180e-02,-4.511795768694523007e-02,-2.301071860500627717e-02,-4.486968278729891631e-03,-7.502346175414891774e-05,-1.190275175589672330e-02,-3.423229250012305852e-02,-5.673189761953407323e-02,-6.874714870811429734e-02,-6.295041094594483466e-02,-3.735970230380739748e-02,4.525572905552196004e-03,5.510719559466533551e-02,1.048906681508200295e-01,1.447689808274578160e-01,1.678203785368989343e-01,1.703215337669412577e-01,1.519407704259368719e-01,1.152682911745436939e-01,6.493771504668434391e-02,6.604163771437418853e-03,-5.400468592311232635e-02,-1.118255239098756848e-01,-1.629247516931061068e-01,-2.046972151877845258e-01,-2.358452512766878173e-01,-2.562043231521430875e-01,-2.664826995973441637e-01,-2.679717722538323410e-01,-2.622663921002977294e-01,-2.510148982553325192e-01,-2.356972680394165409e-01,-2.174034809223897580e-01,-1.965410628500218471e-01,-1.723169353708307872e-01,-1.417255789934041554e-01,-9.833471461795630086e-02,-3.842411075847215057e-02
8.489295767251764380e-01,5.314271712088519672e-01,-1.822888010875145515e-01,-7.569083541768575341e-01,-7.648475331942522493e-01,-2.057522793888616197e-01,4.990493906951746217e-01,8.273662023498460361e-01,5.449858506459752672e-01,-1.290446568914533632e-01,-6.960458874319459532e-01,-7.498971516723511588e-01,-2.672006462407762739e-01,3.915542985427085676e-01,7.557926703562671822e-01,5.823433355542136924e-01,1.350024661488771413e-02,-5.434444132739637556e-01,-7.115606872094221158e-01,-3.979071334825062256e-01,1.638396150243452698e-01,5.921841946040206084e-01,6.188335411399925601e-01,2.525501229308572126e-01,-2.504479396745273867e-01,-5.698199282925805464e-01,-5.252304079716848539e-01,-1.719862788905514028e-01,2.569083459889979770e-01,5.074996136234233290e-01,4.541824335672459134e-01,1.555728310573994688e-01,-2.013601760089592518e-01,-4.204069488343704086e-01,-4.025923316252061901e-01,-1.843026176323231680e-01,1.015703366412930991e-01,3.075340592421819674e-01,3.465788034272551110e-01,2.240019548440405905e-01,1.878422281317581113e-02,-1.662558048563176905e-01,-2.553874273898409375e-01,-2.280926337565997442e-01,-1.166505217383437126e-01,1.875294108167129339e-02,1.211889269902682725e-01,1.594802544237462205e-01,1.346310662316212714e-01,7.155102070551609683e-02,3.235658854352422772e-03,-4.423487923992048404e-02,-6.009938421448170198e-02,-4.913992048248125299e-02,-2.578298702808400761e-02,-5.932427793889709713e-03,-1.998479496036755995e-04,-1.069187643692555249e-02,-3.164959646948569544e-02,-5.280010027377875226e-02,-6.365111303055534520e-02,-5.710668874864510691e-02,-3.141679904737192108e-02,9.761343031404204340e-03,5.879907281641662264e-02,1.063163522995572846e-01,1.434464558924658517e-01,1.635876207990842046e-01,1.633578925469845178e-01,1.427325975122663015e-01,1.045324023952218934e-01,5.352183173843886449e-02,-4.616213059612414918e-03,-6.421709234596136018e-02,-1.203487866526988803e-01,-1.692503889976094134e-01,-2.085047742702949847e-01,-2.369959197382344174e-01,-2.547190411785187902e-01,-2.625114690827007879e-01,-2.617603468035519243e-01,-2.541255500290834912e-01,-2.412965795835605443e-01,-2.247816010926595165e-01,-2.057020625742744802e-01,-1.845266645354049495e-01,-1.606019411910904471e-01,-1.312336625237631171e-01,-9.058376507823015511e-02,-3.527635733488299757e-02
8.489295767251764380e-01,5.309853385069754905e-01,-1.834032377291920923e-01,-7.576957850788970106e-01,-7.639570541867025666e-01,-2.030498133883006928e-01,5.018164642594086233e-01,8.277072737812727343e-01,5.418489858227395484e-01,-1.339360193359735440e-01,-6.990892623480891022e-01,-7.483066014782924213e-01,-2.614370946365867088e-01,3.976871943102763263e-01,7.577189669250151693e-01,5.781494319598408094e-01,5.622093531164181097e-03,-5.496826926546620751e-01,-7.116237376798292269e-01,-3.913262343922503939e-01,1.729619390245264732e-01,5.978461732068385270e-01,6.171464968709455823e-01,2.443502596968784024e-01,-2.601171271243350458e-01,-5.749429274602889661e-01,-5.226013721276755453e-01,-1.631259680098287312e-01,2.667940747047337080e-01,5.127142968115516730e-01,4.518436448569924102e-01,1.470969263708356289e-01,-2.112839899394066412e-01,-4.265487168553403485e-01,-4.019610712116996609e-01,-1.774931643623084143e-01,1.109897704720580330e-01,3.150325802279894671e-01,3.488894868547356976e-01,2.204651415213968457e-01,1.131921235847751887e-02,-1.743088510610046327e-01,-2.608440706327659342e-01,-2.291648537204269420e-01,-1.134025837942166937e-01,2.475096435851206755e-02,1.276937396466155950e-01,1.644618477690271141e-01,1.368733554182513523e-01,7.082993642807565438e-02,1.355887362579128895e-04,-4.869205727590917437e-02,-6.482829499620144931e-02,-5.324780908371054555e-02,-2.867430373171101290e-02,-7.296547696325431792e-03,5.442952456820834611e-05,-8.884482761061416115e-03,-2.847799456027520770e-02,-4.857190944843971236e-02,-5.879544317708154666e-02,-5.216182196266663795e-02,-2.698943313790018797e-02,1.306436390813068595e-02,6.045344682555445215e-02,1.059584396217526508e-01,1.409290245951162479e-01,1.590018693400159500e-01,1.570191015176961302e-01,1.351347951347483534e-01,9.628283072866775094e-02,4.526804672328505613e-02,-1.225475705518005824e-02,-7.070416584690086825e-02,-1.252683493923421876e-01,-1.723243517397380353e-01,-2.095935396847959375e-01,-2.360856045008438986e-01,-2.519001072214528403e-01,-2.579534423445246638e-01,-2.556867000114805832e-01,-2.467920227607912631e-01,-2.329755586717439653e-01,-2.157551003956060254e-01,-1.962669900601100303e-01,-1.750198433133711706e-01,-1.514616693738743969e-01,-1.231315262206331973e-01,-8.464038731757234091e-02,-3.287263398985820761e-02
8.489295767251764380e-01,5.307237497870290754e-01,-1.840668273913363961e-01,-7.581760741105696422e-01,-7.634499271863183223e-01,-2.014527198069515634e-01,5.034940797585131245e-01,8.279837314685244420e-01,5.400469581766464966e-01,-1.368647293388106090e-01,-7.010275995618128198e-01,-7.475268595180164510e-01,-2.580768992579982601e-01,4.014623089885798191e-01,7.591427704525384179e-01,5.758956080747477113e-01,9.314023550841101298e-04,-5.537020121787409321e-01,-7.121021444726383098e-01,-3.876734657340817347e-01,1.785392903248389507e-01,6.017426724249610448e-01,6.167299052858805641e-01,2.397089409202259047e-01,-2.662007529250600135e-01,-5.787424066591300154e-01,-5.217593363969760256e-01,-1.580684069172441364e-01,2.731654194830992477e-01,5.167757667852305170e-01,4.513347364836666764e-01,1.423206481071792595e-01,-2.177476182702227092e-01,-4.313314825811425113e-01,-4.026908760918149199e-01,-1.739162289620890256e-01,1.170437421005961764e-01,3.206873625097307334e-01,3.516365424729848699e-01,2.192450174328670898e-01,6.829370827259761967e-03,-1.800959180367027734e-01,-2.656195372305575342e-01,-2.312153376475936661e-01,-1.121670451208866964e-01,2.864025680697587437e-02,1.327973733394563483e-01,1.691198075012567137e-01,1.397489832013280309e-01,7.124547228765802653e-02,-1.852921725207921921e-03,-5.243548856942999159e-02,-6.934417383032108473e-02,-5.749860781511805657e-02,-3.179193163474682005e-02,-8.719408350258112117e-03,5.326351736788998738e-04,-6.633191190957160761e-03,-2.484953223124480512e-02,-4.414054451044066574e-02,-5.421751970737660742e-02,-4.808422298287520769e-02,-2.397082140338879785e-02,1.461358000932749986e-02,6.030825982247826900e-02,1.040915634410153195e-01,1.374992315123707010e-01,1.543220950530498903e-01,1.515104501691777739e-01,1.292738785455464223e-01,9.054986865357041170e-02,4.010196173277453396e-02,-1.649000764050702339e-02,-7.374006980707802084e-02,-1.269393106063752552e-01,-1.725639762342775219e-01,-2.084225667399484117e-01,-2.335946864275470491e-01,-2.482305017315385998e-01,-2.532782071043184757e-01,-2.501943631031467441e-01,-2.406741281805307442e-01,-2.264191298834284938e-01,-2.089411489842153136e-01,-1.893771241565730956e-01,-1.682557070187739867e-01,-1.450882990267817196e-01,-1.175671207805863705e-01,-8.060167213933860930e-02,-3.124947225579337295e-02
8.489295767251764380e-01,5.306426582405203707e-01,-1.842795784209503296e-01,-7.583512293973426743e-01,-7.633303233091393025e-01,-2.009635085071680427e-01,5.040869646910250967e-01,8.282084444681377944e-01,5.395926362147251965e-01,-1.378310834815070496e-01,-7.018810195816559405e-01,-7.475884026597167109e-01,-2.571380513860839767e-01,4.028940019704350117e-01,7.601091573179379335e-01,5.756299653211018885e-01,-5.579076303885020967e-04,-5.555414113968007994e-01,-7.130697861151022998e-01,-3.870098115901267066e-01,1.805699277874789066e-01,6.039420432180758747e-01,6.176852656742879422e-01,2.386964929785101164e-01,-2.687101446745097655e-01,-5.813130972831406229e-01,-5.228307154966786996e-01,-1.568961397771000410e-01,2.760372953161501774e-01,5.197945990262754501e-01,4.528041870418515469e-01,1.413489295699185966e-01,-2.207492182408723747e-01,-4.348615314547653043e-01,-4.049445305312133758e-01,-1.737105887911491175e-01,1.196856116965695493e-01,3.245669397774356701e-01,3.549728457208673471e-01,2.205111486192935788e-01,5.428656466673916110e-03,-1.836045532212828846e-01,-2.698057906262517625e-01,-2.344031727062599879e-01,-1.131106913465063646e-01,3.030408763429373251e-02,1.364696077754850578e-01,1.735163779529761419e-01,1.433903731715331642e-01,7.296021826739516880e-02,-2.581255633343680200e-03,-5.536685454513931570e-02,-7.362009875286619487e-02,-6.194045083181396599e-02,-3.524730316037677502e-02,-1.035311332622573105e-02,1.070076461356540528e-03,-4.086843266689984058e-03,-2.087255113674883755e-02,-3.955596455218975821e-02,-4.989958576492866532e-02,-4.478827419911900198e-02,-2.221609305948210947e-02,1.459715744847314700e-02,5.857384306794582995e-02,1.009245850892099422e-01,1.333411273491828253e-01,1.496870511794892722e-01,1.469097635662183210e-01,1.251572072886301124e-01,8.726736765015945252e-02,3.788699967953491898e-02,-1.752075232594221474e-02,-7.357381847733419911e-02,-1.256466928542587791e-01,-1.702753234494498447e-01,-2.053045152764760573e-01,-2.298295025267430292e-01,-2.439994936966132510e-01,-2.487497387853418451e-01,-2.455163856286869950e-01,-2.359708185674725400e-01,-2.217911676638230078e-01,-2.044694089720223429e-01,-1.851302586760428526e-01,-1.643036513073288796e-01,-1.415271097430652047e-01,-1.145664368947167944e-01,-7.847947485318078342e-02,-3.040994470508927294e-02
8.489295767251764380e-01,5.307421437449573176e-01,-1.840414723420032705e-01,-7.582218319110004545e-01,-7.635995769569763336e-01,-2.015832328276230545e-01,5.035961511107128752e-01,8.283853029126440060e-01,5.404908324232552408e-01,-1.368335206475179977e-01,-7.016545209039306563e-01,-7.485015773135478279e-01,-2.586296828490120547e-01,4.019824898984533657e-01,7.606309270961937319e-01,5.773719193700664887e-01,1.167146171952293749e-03,-5.552060543954172589e-01,-7.145509369185254478e-01,-3.893656322324444696e-01,1.790377826577476406e-01,6.044569229274322497e-01,6.200510302215395120e-01,2.413560424124993886e-01,-2.676253574015593495e-01,-5.826751813259383184e-01,-5.258693071823932197e-01,-1.596678944014719714e-01,2.753814237919492425e-01,5.217940319345324429e-01,4.563195438612448473e-01,1.442599958729539888e-01,-2.202426761058342009e-01,-4.371535153556374564e-01,-4.087955400467015443e-01,-1.769756143392165193e-01,1.188384549648387467e-01,3.266566808221657570e-01,3.589577157541408714e-01,2.243741800733797531e-01,7.232146911119157612e-03,-1.847655619951083794e-01,-2.734114500526927394e-01,-2.388151007803706039e-01,-1.163674176729152659e-01,2.961086909889414434e-02,1.386299341113419459e-01,1.776525010613149158e-01,1.478820028199194503e-01,7.611659043120616586e-02,-1.892634232829060528e-03,-5.736204826297534864e-02,-7.760098261458807378e-02,-6.660338886109884449e-02,-3.914866137093842013e-02,-1.235773925697025190e-02,1.492480107161302206e-03,-1.394796565904263784e-03,-1.663969685103373897e-02,-3.483553485948562289e-02,-4.578063816469189751e-02,-4.214581536291180791e-02,-2.155175329556734826e-02,1.320645709157823935e-02,5.543136115393262897e-02,9.660404450430136458e-02,1.285487076692816144e-01,1.451281466700168055e-01,1.431837049294029662e-01,1.226913914239532305e-01,8.629175936824970417e-02,3.844254719284934813e-02,-1.555012253204161518e-02,-7.041673223264269255e-02,-1.215970758830248605e-01,-1.656494824637381735e-01,-2.004068019284814817e-01,-2.249282495242413971e-01,-2.393129761661926813e-01,-2.444406869184123088e-01,-2.416929876217103756e-01,-2.326920575835902394e-01,-2.190745648504091037e-01,-2.022996474464091587e-01,-1.834676325392717300e-01,-1.630917629967388038e-01,-1.406997316290814759e-01,-1.140539768725216951e-01,-7.821536309057684766e-02,-3.032969399686273604e-02
8.489295767251764380e-01,5.310221128546368519e-01,-1.833524629369938652e-01,-7.577870328892321039e-01,-7.642561856909289020e-01,-2.033115005314889701e-01,5.020189518926201355e-01,8.285091999862393974e-01,5.427383245836663317e-01,-1.338685445671972674e-01,-7.003378830110222886e-01,-7.502565714798533625e-01,-2.625521859479761355e-01,3.987135985376492053e-01,7.606883810874593976e-01,5.811122179076273486e-01,6.118969185533813283e-03,-5.526666754285585181e-01,-7.165198889791830617e-01,-3.947408327160290553e-01,1.739116745942331232e-01,6.032432202930883003e-01,6.238020362806977470e-01,2.477039415033022995e-01,-2.628937744429406531e-01,-5.827726272504472060e-01,-5.308554224468871041e-01,-1.664192707960242823e-01,2.711241813518198707e-01,5.227073995726571054e-01,4.618659386025810720e-01,1.511060595626982361e-01,-2.161347496572632587e-01,-4.381267009440599214e-01,-4.142254306811115616e-01,-1.837712399755129233e-01,1.143920269623998481e-01,3.268538325640956144e-01,3.635522594019522935e-01,2.308837603412230433e-01,1.235780009544806303e-02,-1.834478077850052180e-01,-2.763550911485905814e-01,-2.444600142487096672e-01,-1.220362663805389936e-01,2.641152510623272567e-02,1.391409873584060486e-01,1.814594343536274912e-01,1.532530228632849323e-01,8.083298523896828569e-02,3.789981480068801544e-04,-5.826519547680768935e-02,-8.119426370736862464e-02,-7.148921580438954981e-02,-4.359269956601202062e-02,-1.489696671621439268e-02,1.615197697209440862e-03,1.287155741278560349e-03,-1.223781627548432317e-02,-2.997598000873485241e-02,-4.176819149210822535e-02,-3.999560453757090850e-02,-2.178121900903736211e-02,1.063533651958741694e-02,5.103709269366116241e-02,9.122286199534118678e-02,1.231379461198932046e-01,1.405834028090840737e-01,1.402021463232422938e-01,1.216956538616446037e-01,8.741321375338596822e-02,4.155202322525398256e-02,-1.078115817244680759e-02,-6.444184984413270367e-02,-1.149217854570088598e-01,-1.587692407428527019e-01,-1.937613010153888538e-01,-2.188731746723844851e-01,-2.341075736993745438e-01,-2.402478385547731632e-01,-2.385878625744833059e-01,-2.306755087887162881e-01,-2.180879201069951256e-01,-2.022380954034060097e-01,-1.841896680977936351e-01,-1.644216331464609659e-01,-1.424176231694867789e-01,-1.158642004569757356e-01,-7.968875867183750072e-02,-3.096016521855537301e-02
8.489295767251764380e-01,5.314822987868659254e-01,-1.822124775493620397e-01,-7.570445565964016854e-01,-7.652958073334926725e-01,-2.061464556756168742e-01,4.993489863888587177e-01,8.285660300546261459e-01,5.463237926496190555e-01,-1.289308260525880157e-01,-6.979057116300825259e-01,-7.528233025369690523e-01,-2.688969602485842825e-01,3.930589708702695306e-01,7.602292428985969464e-01,5.868125052616390835e-01,1.430885356037384787e-02,-5.478597541302768770e-01,-7.189004615201984860e-01,-4.031038969004774875e-01,1.651460769487250457e-01,6.001999656199961120e-01,6.288482891676195896e-01,2.577281668695259875e-01,-2.544309282143115691e-01,-5.814723997769036812e-01,-5.376937010875764145e-01,-1.771604652853503437e-01,2.631473434524445598e-01,5.223765152604266104e-01,4.693427799615655371e-01,1.619102451172383383e-01,-2.082858560886438615e-01,-4.376026031452645015e-01,-4.211192310585374909e-01,-1.941137349986394034e-01,1.062041612006519031e-01,3.249649262846920905e-01,3.686137612593338719e-01,2.400226297637848283e-01,2.092333318572840370e-02,-1.794566639652561135e-01,-2.784593616461787935e-01,-2.512611891997166280e-01,-1.301752437464245016e-01,2.054118108638654239e-02,1.378046836661285524e-01,1.847905860479616136e-01,1.594678285503249582e-01,8.719669066077936903e-02,4.407009022270618435e-03,-5.788453398948877060e-02,-8.426084458358854001e-02,-7.656025696276141934e-02,-4.865466225072642009e-02,-1.813252776330773891e-02,1.242678263158690684e-03,3.790151758833982913e-03,-7.759124604900421475e-03,-2.496643443874705520e-02,-3.775021098490467103e-02,-3.815149765503256934e-02,-2.268750957031758983e-02,7.083521664771360096e-03,4.553129339079281523e-02,8.483321472420933540e-02,1.170616639407048437e-01,1.359121475772652743e-01,1.377507172872728114e-01,1.219107070898806794e-01,9.035989225792728785e-02,4.696215267378524294e-02,-3.422338258165103474e-03,-5.579367446923325091e-02,-1.056899935503629456e-01,-1.496245441618031247e-01,-1.852811567180593089e-01,-2.115078104315586405e-01,-2.281675081677286276e-01,-2.359079935286601815e-01,-2.359026180633642111e-01,-2.295992656222147210e-01,-2.184964286929501620e-01,-2.039464914634752934e-01,-1.869632514503806742e-01,-1.679740188051075389e-01,-1.463862874723546870e-01,-1.197444556396837501e-01,-8.271867786584971571e-02,-3.222921212284533127e-02
8.489295767251764380e-01,5.321222614041734023e-01,-1.806214206029663205e-01,-7.559907084399555277e-01,-7.667112543817955483e-01,-2.100847314952585532e-01,4.955762556577038569e-01,8.285327036678608037e-01,5.512276720074176239e-01,-1.220134853200674080e-01,-6.943176289220400754e-01,-7.561512245104965446e-01,-2.776457871188394155e-01,3.849767371171200492e-01,7.591687319565574299e-01,5.944044414354274775e-01,2.574554025252035264e-02,-5.406884422536670787e-01,-7.215654220967069321e-01,-4.143897915072211613e-01,1.526834606264529104e-01,5.951700779136128716e-01,6.350331332593667222e-01,2.713846765942428685e-01,-2.421236149121785697e-01,-5.785646373586933455e-01,-5.462096577860636737e-01,-1.918709764605729395e-01,2.512918656274386597e-01,5.205511543255026963e-01,4.785586742278821748e-01,1.766596355889154812e-01,-1.965147336679091694e-01,-4.353042292133079139e-01,-4.292592130068733636e-01,-2.079671232865123176e-01,9.410693365732106241e-02,3.207058905289051909e-01,3.738892809990250199e-01,2.516967310643240530e-01,3.303780631206871404e-02,-1.725366242130260963e-01,-2.794462661704003037e-01,-2.590462625606851921e-01,-1.407905294637326055e-01,1.182582241109108624e-02,1.343617100935595443e-01,1.874139369991128234e-01,1.664144948425030635e-01,9.525300144370692224e-02,1.036618687845857791e-02,-5.599100325430456104e-02,-8.660683832399672377e-02,-8.172717686704676632e-02,-5.437641285980589212e-02,-2.221654103777279468e-02,1.693247309526702384e-04,5.925918850734590917e-03,-3.313018930618430880e-03,-1.980252096280401067e-02,-3.360773610520641913e-02,-3.641036520875357008e-02,-2.403441114979678120e-02,2.762678848658660022e-03,3.905047022771019477e-02,7.746281777012986591e-02,1.102269946795065431e-01,1.309107770752541422e-01,1.355423909144863603e-01,1.230044291630063846e-01,9.479686030680416209e-02,5.437512569115780792e-02,6.298561736143745184e-03,-4.460679228315963391e-02,-9.393055258779339778e-02,-1.381359235274607078e-01,-1.747842731745362643e-01,-2.025592150354056931e-01,-2.211445615914450213e-01,-2.310149307433323751e-01,-2.331903264330652259e-01,-2.289918354483794771e-01,-2.198183742876084201e-01,-2.069453379784486902e-01,-1.913221562613970639e-01,-1.733069678820256254e-01,-1.522017778527021137e-01,-1.253507674898588220e-01,-8.706007594619505352e-02,-3.403948372059713290e-02
8.489295767251764380e-01,5.329413871939943093e-01,-1.785791793276338690e-01,-7.546203884763292846e-01,-7.684924859516243378e-01,-2.151213746020646522e-01,4.906872676292279856e-01,8.283771812669156187e-01,5.574219256134878009e-01,-1.131085545310851898e-01,-6.895186147040531788e-01,-7.601690652497637979e-01,-2.887698376424408520e-01,3.744126568530514176e-01,7.573898167153607641e-01,6.037884016218425520e-01,4.043287726828002221e-02,-5.310242862589842350e-01,-7.243358861701556517e-01,-4.284967780437792251e-01,1.364582541401032634e-01,5.879421604040305782e-01,6.421309304553968200e-01,2.885917571554122429e-01,-2.258354137137243145e-01,-5.737640067970469770e-01,-5.561451355727373702e-01,-2.104912970185925658e-01,2.353649160609944113e-01,5.168899680700536070e-01,4.892248193015844016e-01,1.952944177257233682e-01,-1.806073050338454500e-01,-4.308574082751084888e-01,-4.383172398149745019e-01,-2.252302432494098228e-01,7.791800214510283262e-02,3.137054975325216932e-01,3.790089735435773211e-01,2.657214515110008501e-01,4.878751473078091205e-02,-1.623788136584129183e-01,-2.789343618594481433e-01,-2.675353289845154858e-01,-1.538208829142283240e-01,9.463400686909749688e-05,1.284953044268810352e-01,1.890058121126185486e-01,1.738913293200135546e-01,1.049901554140809101e-01,1.842203103205425352e-02,-5.232062140171714337e-02,-8.797698507659823530e-02,-8.683613333100277665e-02,-6.075212372044874048e-02,-2.728080942063606726e-02,-1.817037934981587674e-03,7.481883365182445851e-03,9.622065898980867137e-04,-1.450135721200854905e-02,-2.922879586742747546e-02,-3.456092735371312646e-02,-2.556761935892452181e-02,-2.096316582823000343e-03,3.174188149695553879e-02,6.913399080990630108e-02,1.025155295510247477e-01,1.253303892297763789e-01,1.332295360736369949e-01,1.245762111603386235e-01,1.003217475088058197e-01,6.343570964759530362e-02,1.811411377608355966e-02,-3.103194977646925312e-02,-7.966168492989454675e-02,-1.241856085316615649e-01,-1.620238157783316646e-01,-1.916661344902324537e-01,-2.125825724649241799e-01,-2.250393417919798467e-01,-2.298704112378757713e-01,-2.282418608716495212e-01,-2.214298744885985215e-01,-2.106141092279665561e-01,-1.966633594027351051e-01,-1.798490821295448405e-01,-1.593419920107571330e-01,-1.322386507441732362e-01,-9.239635876062821107e-02,-3.626521693688621734e-02
8.489295767251764380e-01,5.339388892482439530e-01,-1.760856316725850357e-01,-7.529271103590243763e-01,-7.706265976081054792e-01,-2.212497410005610232e-01,4.846652127340702609e-01,8.280585285209455249e-01,5.648697392048867005e-01,-1.022076202998654232e-01,-6.834395081084230217e-01,-7.647845106653808900e-01,-3.022283246815093971e-01,3.613017472347528347e-01,7.547436899498592977e-01,6.148318015661276004e-01,5.836657801430370635e-02,-5.187098108771190930e-01,-7.269808039552775325e-01,-4.452822069273800198e-01,1.164024611097873585e-01,5.782534930974833065e-01,6.498444495636979124e-01,3.092224458388706521e-01,-2.054147485261481332e-01,-5.667125580451655154e-01,-5.671529845339429166e-01,-2.329116707893368610e-01,2.151504329217151235e-01,5.109633441142672483e-01,5.009473310129142209e-01,2.176932147128662343e-01,-1.603301456480810128e-01,-4.237949304563710107e-01,-4.478463730564355427e-01,-2.457196286708425992e-01,5.745757456465125368e-02,3.035130474412932045e-01,3.834800370642676426e-01,2.818044188147749707e-01,6.821586973847842961e-02,-1.486343539365475031e-01,-2.764390217163955610e-01,-2.763279751332510803e-01,-1.691173287835372463e-01,-1.480126225429907565e-02,1.198405473587121212e-01,1.891472152954978281e-01,1.815922409261700732e-01,1.163199837369687378e-01,2.871434849530725419e-02,-4.658195282605959164e-02,-8.805097878904429021e-02,-9.165599715765831990e-02,-6.771152795382429090e-02,-3.342225839467765497e-02,-4.927773359295633919e-03,8.219102764129833025e-03,4.888737761637786464e-03,-9.117192051163911307e-03,-2.452413048324927555e-02,-3.239473013066896528e-02,-2.701750634440385976e-02,-7.236599927819978642e-03,2.377892971065980951e-02,5.988484307859359007e-02,9.380632281666848038e-02,1.188973428735017462e-01,1.304182458962536983e-01,1.261623167367169618e-01,1.064597365584601107e-01,7.371582900625435475e-02,3.169255132744756842e-02,-1.526799308702397363e-02,-6.292765806995616329e-02,-1.076562666393087037e-01,-1.467264791088588871e-01,-1.784146134528060146e-01,-2.019486776775044068e-01,-2.173545155625300207e-01,-2.252480996967780591e-01,-2.266111293245814673e-01,-2.225716319967284418e-01,-2.141922537660532200e-01,-2.022430756961308140e-01,-1.868916218717001088e-01,-1.671561987228331048e-01,-1.398519193091396495e-01,-9.833020074955239886e-02,-3.874829052054439005e-02
8.489295767251764380e-01,5.351138072460996931e-01,-1.731406563822244227e-01,-7.509030257992077573e-01,-7.730978095736839029e-01,-2.284613646426720268e-01,4.774901906589310574e-01,8.275269972913444905e-01,5.735251455254134489e-01,-8.930264535437661133e-02,-6.759976821524557034e-01,-7.698838599458412979e-01,-3.179668156169648818e-01,3.455704141927076201e-01,7.510505236248562477e-01,6.273671144939723110e-01,7.953009243777987847e-02,-5.035620467646989562e-01,-7.292166859268157664e-01,-4.645574094163009149e-01,9.245297245133159147e-02,5.657944432312561611e-01,6.578022581973537175e-01,3.330951816882181671e-01,-1.807056422024394537e-01,-5.569845092864151859e-01,-5.787914357498132878e-01,-2.589580960025361644e-01,1.904235112515103856e-01,5.022589033192206287e-01,5.132191959951173388e-01,2.436548536763359085e-01,-1.354489929979440788e-01,-4.135644556298457286e-01,-4.572727228977729319e-01,-2.691486466845009473e-01,3.257143485073415307e-02,2.896114425692268846e-01,3.866826147930538249e-01,2.995256700727378374e-01,9.129712396586570078e-02,-1.309346825832648220e-01,-2.713773454514933348e-01,-2.848905927707382491e-01,-1.864186064078651173e-01,-3.296306336543011056e-02,1.080006259197318075e-01,1.873244334921904397e-01,1.890921828268960492e-01,1.290545914448669174e-01,4.133442477644078128e-02,-3.847014934322550567e-02,-8.644436974351005221e-02,-9.586687780512478940e-02,-7.510112091776054155e-02,-4.068393935404705786e-02,-9.360804888239293228e-03,7.874624569883805283e-03,8.241068930360169811e-03,-3.756997290087472473e-03,-1.944495581065330825e-02,-2.972037539515331658e-02,-2.810523112766277753e-02,-1.237092837990661984e-02,1.537582403817350576e-02,4.979163549280482548e-02,8.400176107330940833e-02,1.113377760038463671e-01,1.266869144384355494e-01,1.272449277823136660e-01,1.126609281644520705e-01,8.469966930709278696e-02,4.661147045333571826e-02,2.402415963013039297e-03,-4.384120387462311225e-02,-8.847709189498176308e-02,-1.286392506276075043e-01,-1.623827527629420897e-01,-1.886738752876430947e-01,-2.072710984358673847e-01,-2.185423672952794827e-01,-2.232552450305570479e-01,-2.223623637346018589e-01,-2.167858192353874502e-01,-2.071773590854006641e-01,-1.935841742977810476e-01,-1.748572118819513299e-01,-1.475133206377296780e-01,-1.043754326979848407e-01,-4.129464690191404774e-02
8.489295767251764380e-01,5.364650074442091077e-01,-1.697441452013987440e-01,-7.485389546254568316e-01,-7.758874539365648859e-01,-2.367457994631045615e-01,4.691394889930209922e-01,8.267241372477124317e-01,5.833325853117472537e-01,-7.438696772767938725e-02,-6.670979064365282207e-01,-7.753316824465324997e-01,-3.359152288502544881e-01,3.271391048459731943e-01,7.461005750454479113e-01,6.411896669220550349e-01,1.038896161601690071e-01,-4.853770991981872784e-01,-7.307077603529114063e-01,-4.860818502546615516e-01,6.456059580280300303e-02,5.502145586780785580e-01,6.655564998510625774e-01,3.599629222303353249e-01,-1.515613024419663057e-01,-5.440934869991760348e-01,-5.905188039443232118e-01,-2.883758924931897893e-01,1.609689154139783418e-01,4.901904801360892350e-01,5.254128035028708954e-01,2.728770325078200276e-01,-1.057526982975883073e-01,-3.995413562709274613e-01,-4.658888908287188158e-01,-2.951036703737387468e-01,3.160329904292705737e-03,2.714369911634021415e-01,3.878694170225510107e-01,3.183165106186545690e-01,1.179041111278055914e-01,-1.089199630994367035e-01,-2.630796946915653356e-01,-2.925459160956143667e-01,-2.053234265497014821e-01,-5.441120155000463143e-02,9.257165677361954559e-02,1.829361104638077273e-01,1.958346047777913546e-01,1.428799946482345318e-01,5.629536116214621522e-02,-2.768911489178907046e-02,-8.271613591059062687e-02,-9.905183240772691411e-02,-8.266433644744673737e-02,-4.903146592471609860e-02,-1.528155897936374526e-02,6.170076746632654173e-03,1.074209190911188348e-02,1.405214171463096224e-03,-1.400250891623815164e-02,-2.638180676919696724e-02,-2.855386169465048279e-02,-1.718179769867566112e-02,6.799480273250389437e-03,3.899087735525010034e-02,7.305582672647265019e-02,1.024067813328370657e-01,1.216109155371179751e-01,1.272676892173556229e-01,1.183035220368285900e-01,9.577296813630324646e-02,6.233338976024995620e-02,2.157621612719905560e-02,-2.262962936164062550e-02,-6.667624476401026734e-02,-1.075848225678797399e-01,-1.431959246943503294e-01,-1.722053114482241243e-01,-1.940843054711172133e-01,-2.089265679648805996e-01,-2.172568038386123723e-01,-2.198242199110407025e-01,-2.173853091887958666e-01,-2.104530028914020912e-01,-1.989395521400341982e-01,-1.815215739623979030e-01,-1.544216878728277564e-01,-1.099534097504688973e-01,-4.367245349221145906e-02
8.489295767251764380e-01,5.379911826794140373e-01,-1.658960171697379804e-01,-7.458244205436639351e-01,-7.789739616124830013e-01,-2.460904360726654250e-01,4.595879145841483826e-01,8.255829441360308385e-01,5.942264146487119536e-01,-5.745647473887070811e-02,-6.566334154954363012e-01,-7.809705136842897133e-01,-3.559855446723759753e-01,3.059254989625939669e-01,7.396557289178155026e-01,6.560553235968535901e-01,1.313882800208821811e-01,-4.639358629555775937e-01,-7.310667967557357150e-01,-5.095567581171518423e-01,3.270079636441999837e-02,5.311306417691478154e-01,6.725815314513193810e-01,3.895010672248326866e-01,-1.178606380995079056e-01,-5.275028203708311825e-01,-6.016893249713792802e-01,-3.208113289684066949e-01,1.266039496945864928e-01,4.741115573691376817e-01,5.367742852845517332e-01,3.049326389551179073e-01,-7.108289848547573453e-02,-3.810478069768644671e-01,-4.728507373521175228e-01,-3.230185038345838033e-01,-3.078424037063438173e-02,2.484073657632922261e-01,3.861712637969644257e-01,3.374389833687175266e-01,1.477706630948010524e-01,-8.227658846207894228e-02,-2.508101495028870476e-01,-2.984673931071232800e-01,-2.252613199102198871e-01,-7.904509519529862027e-02,7.317760457610505975e-02,1.753094286611901753e-01,2.011236236484950368e-01,1.573284670546752362e-01,7.349575254281459635e-02,-1.398320945881778750e-02,-7.638536939699352990e-02,-1.006943507562591822e-01,-9.002256252096436928e-02,-5.832545082256293534e-02,-2.279664721069579042e-02,2.828372768697485443e-03,1.206572222088514793e-02,6.117279422386565600e-03,-8.288373822646197611e-03,-2.228088355370502066e-02,-2.810592136920134904e-02,-2.132829635679715091e-02,-1.623834693011092520e-03,2.769901778220839467e-02,6.100350434923897808e-02,9.192223434252949632e-02,1.147947567030511290e-01,1.256604075022090816e-01,1.227064662598549016e-01,1.062207336775416872e-01,7.818753348425301619e-02,4.169652854757555788e-02,3.186890505654973028e-04,-4.243736121442080733e-02,-8.352459022638525354e-02,-1.205926916457275566e-01,-1.520718382508200739e-01,-1.771363486129330644e-01,-1.955855988669397416e-01,-2.076758316257991122e-01,-2.139256743778124026e-01,-2.149007721433241480e-01,-2.109550454694474053e-01,-2.018542968044354791e-01,-1.861038867766969807e-01,-1.596610538350609065e-01,-1.143978537013893154e-01,-4.561361865919506126e-02
8.489295767251764380e-01,5.396908523899444088e-01,-1.615962349570540801e-01,-7.427476927102653059e-01,-7.823328499385754364e-01,-2.564802945333998774e-01,4.488081784218089787e-01,8.240280516053274384e-01,6.061303702330042009e-01,-3.851094753808462223e-02,-6.444872020881443619e-01,-7.866206345001829359e-01,-3.780692697244692480e-01,2.818482545940801387e-01,7.314515710750785216e-01,6.716781959755351306e-01,1.619395851623956495e-01,-4.390109895071852009e-01,-7.298568669074377846e-01,-5.346185123382418691e-01,-3.113901587627968502e-03,5.081371173393094409e-01,6.782739879575937492e-01,4.212946563061361616e-01,-7.952772703943225552e-02,-5.066395345359324676e-01,-6.115511106244416739e-01,-3.557920311147495518e-01,8.720578674167678290e-02,4.533341994982291179e-01,5.464211773392991800e-01,3.392448412086798148e-01,-3.136944715407670448e-02,-3.573794924639714932e-01,-4.771795886491861927e-01,-3.521488216633239521e-01,-6.913821894685411029e-02,2.199590743530996928e-01,3.806111337638451997e-01,3.559685685401037247e-01,1.804500709060475327e-01,-5.078441156925268124e-02,-2.337983534865201163e-01,-3.016816796603435935e-01,-2.454647886150602698e-01,-1.065967043753690280e-01,4.951650094832746318e-02,1.637283261092700726e-01,2.041244363923067628e-01,1.717523979115019028e-01,9.267778572209885157e-02,2.820535399216068072e-03,-6.695969254766533096e-02,-1.001849254621472035e-01,-9.665988492480542815e-02,-6.829151416030070088e-02,-3.192013145723322787e-02,-2.399748455519626952e-03,1.184871998964067037e-02,1.004371772069486725e-02,-2.493609193751505654e-03,-1.740358632055236804e-02,-2.654820669288277674e-02,-2.446183080054415218e-02,-9.510004533411005323e-03,1.622677974045058646e-02,4.798901642588744576e-02,7.980216492806302409e-02,1.059121442119880657e-01,1.218749636587588003e-01,1.251550945665172165e-01,1.152380103644560921e-01,9.336307831550574865e-02,6.202774280526972966e-02,2.441236458890547190e-02,-1.615602291439017374e-02,-5.662627994419693056e-02,-9.449982974901958988e-02,-1.279626960448845274e-01,-1.558953821282756391e-01,-1.777922610733961573e-01,-1.936213633361864861e-01,-2.036467919753407185e-01,-2.082198403148897148e-01,-2.075171664539602612e-01,-2.011513546147698506e-01,-1.874717755309657785e-01,-1.622275868478319505e-01,-1.169725237422890446e-01,-4.682043648938152836e-02
8.489295767251764380e-01,5.415623626618369935e-01,-1.568448231840025298e-01,-7.392958332414902856e-01,-7.859367118995440604e-01,-2.678977949000759806e-01,4.367713347983336325e-01,8.219759743190033774e-01,6.189570060779501226e-01,-1.755557008665515131e-02,-6.305335558032414411e-01,-7.920799838651932934e-01,-4.020347040705778419e-01,2.548313176507534528e-01,7.212000983480534311e-01,6.877285337819932787e-01,1.954201776515560041e-01,-4.103752046718600055e-01,-7.265943479634425772e-01,-5.608321326679709395e-01,-4.281996726178189522e-02,4.808190040423944711e-01,6.819549260179598171e-01,4.548254546818794042e-01,-3.655413503744186360e-02,-4.809126910614059391e-01,-6.192473739336146199e-01,-3.927071630476086650e-01,4.274313659440426988e-02,4.271545278299899717e-01,5.533451915102786112e-01,3.750625132117585414e-01,1.332873538579495282e-02,-3.278412362290782922e-01,-4.777723398809860522e-01,-3.815490238930637767e-01,-1.115981932106778624e-01,1.855955232696508972e-01,3.701295769932506086e-01,3.727834944708499632e-01,2.152718893240643250e-01,-1.437366113301229500e-02,-2.112851397954500776e-01,-3.010831585796492904e-01,-2.649465595083491665e-01,-1.365799920516483912e-01,2.141845896401071633e-02,1.474766887637475321e-01,2.038762592474067936e-01,1.853037048822666344e-01,1.133821196555291066e-01,2.275958860074394491e-02,-5.397785349317971160e-02,-9.684060678962647106e-02,-1.019155907664272692e-01,-7.849076021567243100e-02,-4.253331625363070134e-02,-9.698180121597678796e-03,9.714500558871162067e-03,1.277000306211055480e-02,3.076466502901115639e-03,-1.184795854488820271e-02,-2.374374127359323711e-02,-2.625238291122571066e-02,-1.642976533120010796e-02,4.984403347653085237e-03,3.428932110777924147e-02,6.610306948218856726e-02,9.475292999388146287e-02,1.154333216460364797e-01,1.249425830608419663e-01,1.219582474543396411e-01,1.069197154477825873e-01,8.164570517285829609e-02,4.882636899891337756e-02,1.151016993441362005e-02,-2.733072035935135008e-02,-6.511220381737735374e-02,-9.981653544951882284e-02,-1.300497639046457043e-01,-1.550032050703828157e-01,-1.743460596619161029e-01,-1.880701256741138527e-01,-1.962931194199860063e-01,-1.990002679482311687e-01,-1.956508005706896758e-01,-1.844675325479145644e-01,-1.610799711100072695e-01,-1.169059742443870203e-01,-4.697911464047314217e-02
8.489295767251764380e-01,5.436038863081562589e-01,-1.516418886642849906e-01,-7.354547507878930190e-01,-7.897552081020955406e-01,-2.803225074879219236e-01,4.234472753590388661e-01,8.193354107921370089e-01,6.326071172388412212e-01,5.397405922786196499e-03,-6.146398676560879126e-01,-7.971242618533043167e-01,-4.277240709015074915e-01,2.248087967670612530e-01,7.085931746815145038e-01,7.038309847154921028e-01,2.316620920655707572e-01,-3.778110562130467809e-01,-7.207534981706813504e-01,-5.876852926922061515e-01,-8.628756986258032113e-02,4.487677665714244757e-01,6.828747718692436131e-01,4.894597077978098953e-01,1.097618644537289717e-02,-4.497366733598136546e-01,-6.238222290358167443e-01,-4.307886891639756688e-01,-6.688174707033429055e-03,3.948856785913286149e-01,5.564221202739287886e-01,4.114380692784267435e-01,6.277827026974151792e-02,-2.917926070304852626e-01,-4.734221666525970096e-01,-4.100546137570459937e-01,-1.576314709086934496e-01,1.449461940923793268e-01,3.536244234927699570e-01,3.865647977982640815e-01,2.513005400521371446e-01,2.680954384417483932e-02,-1.825838943677163539e-01,-2.954648146919518492e-01,-2.824869160953414338e-01,-1.682398743826603038e-01,-1.108521845999671518e-02,1.258990386852893717e-01,1.993226265678997300e-01,1.969241892370085512e-01,1.349035781301916870e-01,4.567379209004913954e-02,-3.706827260249928591e-02,-8.994171731570356487e-02,-1.049895916082362879e-01,-8.829523086590579384e-02,-5.434060508206177420e-02,-1.913683744267749565e-02,5.311421956389531136e-03,1.382032674878285773e-02,7.996210179524168224e-03,-5.850320423564115205e-03,-1.966924555776209185e-02,-2.642594182405349004e-02,-2.193536893780581587e-02,-5.526461721574129314e-03,2.032803633359511405e-02,5.105476907861746655e-02,8.127390291391993482e-02,1.059866216540930328e-01,1.214285896576667301e-01,1.255030194064866156e-01,1.178213812772051922e-01,9.945046915652425157e-02,7.249115395433902709e-02,3.960668651539570734e-02,3.590701440859074903e-03,-3.296987591591324374e-02,-6.791441550280975792e-02,-9.961280208036628336e-02,-1.269713105552552901e-01,-1.493624187149803217e-01,-1.664974350321627994e-01,-1.782485970653110430e-01,-1.844021529928185354e-01,-1.842724613959234037e-01,-1.760008264314432413e-01,-1.552175730383393848e-01,-1.134468166988954335e-01,-4.578162298153089921e-02
8.489295767251764380e-01,5.458134229893177869e-01,-1.459876424965897979e-01,-7.312092603066324692e-01,-7.937550627229130740e-01,-2.937308851167664825e-01,4.088052784302253495e-01,8.160076149861132944e-01,6.469691682227444174e-01,3.032685156543098171e-02,-5.966687207278984495e-01,-8.015072848093498514e-01,-4.549505810424565033e-01,1.917303929787778638e-01,6.933068453089511474e-01,7.195634325612190185e-01,2.704446355989708062e-01,-3.411221396729944844e-01,-7.117729512437694916e-01,-6.145833548259082013e-01,-1.333042463814108070e-01,4.116002624194593507e-01,6.802218512272882878e-01,5.244375269512959736e-01,6.285992169506492144e-02,-4.125598943601532231e-01,-6.242324816622969452e-01,-4.690953699449462166e-01,-6.082656739580873106e-02,3.558989514020584055e-01,5.544310561825075423e-01,4.472103374001211717e-01,1.165229717406860432e-01,-2.487040898744879158e-01,-4.628526510122289439e-01,-4.362739270904821831e-01,-2.064259660106664840e-01,9.783655891246798020e-02,3.300074875772002758e-01,3.958119227736421886e-01,2.873005020883037663e-01,7.233162931360961889e-02,-1.471586869330487601e-01,-2.835698762866751821e-01,-2.966372248726996119e-01,-2.005060425229253374e-01,-4.768430538691609960e-02,9.848020286854118621e-02,1.893640076831295260e-01,2.053534989599418714e-01,1.562536855372075040e-01,7.113728402256634664e-02,-1.602392281251575207e-02,-7.878961256498387411e-02,-1.049668147035532489e-01,-9.687461335661631812e-02,-6.682605332956292887e-02,-3.061371240363759336e-02,-1.632955778919401805e-03,1.269296734680188700e-02,1.172776771981189591e-02,1.954895823601756786e-04,-1.445449767627612035e-02,-2.481203518000095129e-02,-2.560296735329479351e-02,-1.473844627787571603e-02,6.673959174833993778e-03,3.508554651310511613e-02,6.564793550202040195e-02,9.338170307381468693e-02,1.141140042252583725e-01,1.250549815716563706e-01,1.249979902659296704e-01,1.142090625946664134e-01,9.411103448469136656e-02,6.687317689801919318e-02,3.499937221539901194e-02,9.789317963528546950e-04,-3.296610136102108568e-02,-6.502849159398853274e-02,-9.386652004626963586e-02,-1.185743077483327190e-01,-1.385877159796343461e-01,-1.535322699018648041e-01,-1.629970594268448925e-01,-1.661705150696086430e-01,-1.611735443415057145e-01,-1.437880034132669183e-01,-1.059410077529728544e-01,-4.295656044935017986e-02
8.489295767251764380e-01,5.481887993835572459e-01,-1.398824239261980684e-01,-7.265431491635567784e-01,-7.979000647568944560e-01,-3.080959798867989874e-01,3.928146137023077467e-01,8.118868461346415710e-01,6.619187458438041682e-01,5.720082134602980095e-02,-5.764802852141573952e-01,-8.049616594672089898e-01,-4.834955176168909685e-01,1.555673582016664502e-01,6.750066177114543153e-01,7.344566476531168009e-01,3.114861328086273029e-01,-3.001458054010666121e-01,-6.990644773996480543e-01,-6.408460019589645729e-01,-1.835579677982417113e-01,3.689808942893252897e-01,6.731353004211635405e-01,5.588650545755274868e-01,1.187461108615032873e-01,-3.688991984094178722e-01,-6.193668747965924704e-01,-5.065015043819441898e-01,-1.192043890778287790e-01,3.096734593602300523e-01,5.460851389711771642e-01,4.809956578926362636e-01,1.738350025662501463e-01,-1.982236638817263807e-01,-4.447679785836267108e-01,-4.585936966126687997e-01,-2.568440842876218988e-01,4.436706827934636110e-02,2.982803081223096564e-01,3.988790498554193320e-01,3.217142915216133492e-01,1.213983841907539662e-01,-1.047186592144303124e-01,-2.641681604144184847e-01,-3.057466701845006907e-01,-2.319590427093501384e-01,-8.770813851623066038e-02,6.494361328312617254e-02,1.729371286176210609e-01,2.091623136647399461e-01,1.761382483307453728e-01,9.839049134128999285e-02,9.108352080907614057e-03,-6.278822113434373575e-02,-1.008669353680606284e-01,-1.032021574491178845e-01,-7.921775070904282789e-02,-4.379190049279812341e-02,-1.124206159815673706e-02,8.916637206359635803e-03,1.364941474595758424e-02,5.732831563515814605e-03,-8.417537080784793027e-03,-2.139779400927183106e-02,-2.709052683004693068e-02,-2.206502534501218402e-02,-5.981971063909662274e-03,1.882971122834240993e-02,4.830337095977645101e-02,7.772811784026684157e-02,1.027272663994836660e-01,1.199527660919492283e-01,1.274375403871557677e-01,1.246343005019174693e-01,1.122211569231199718e-01,9.177259711143040399e-02,6.538745381234212228e-02,3.534396560930767178e-02,3.825560522983034468e-03,-2.726343262875033716e-02,-5.639128690287484313e-02,-8.241134674511362002e-02,-1.045056966778156460e-01,-1.220658814864594571e-01,-1.344976766940734203e-01,-1.408943395782677743e-01,-1.394325384219252395e-01,-1.262211829025429999e-01,-9.392948299106408661e-02,-3.830846674169200577e-02
8.489295767251764380e-01,5.507276694172358322e-01,-1.333267258877948169e-01,-7.214392496927494181e-01,-8.021510759849228567e-01,-3.233871473599151392e-01,3.754452019379101446e-01,8.068609065469845021e-01,6.773180583615628914e-01,8.597450267942216562e-02,-5.539350333781664082e-01,-8.071998464570838694e-01,-5.131054402003573101e-01,1.163189370514929460e-01,6.533538092425273947e-01,7.479950044508235640e-01,3.544358053696820554e-01,-2.547672887968388533e-01,-6.820243431206413076e-01,-6.657061130760261181e-01,-2.366201914144329121e-01,3.206469327464125940e-01,6.607231362139666109e-01,5.917107375622652210e-01,1.781076821636232987e-01,-3.183799245662323751e-01,-6.080742097332028084e-01,-5.416927742578050431e-01,-1.811079204403874265e-01,2.558540049739339572e-01,5.300758896553010580e-01,5.111908927383452816e-01,2.336690109225516010e-01,-1.402525722593565283e-01,-4.179213710074352051e-01,-4.752034060655920822e-01,-3.073861687188627068e-01,-1.500215974462618812e-02,2.576297482285955232e-01,3.940373052897344075e-01,3.526607632219244115e-01,1.727868466410837356e-01,-5.532590512676186650e-02,-2.361598028462295051e-01,-3.080195899748128241e-01,-2.608179969027094591e-01,-1.300480946939944760e-01,2.536510724286620763e-02,1.491238074463594743e-01,2.068186153699487495e-01,1.929602317042249660e-01,1.262813936320554276e-01,3.792925791449315576e-02,-4.154976902810026546e-02,-9.172516343208725331e-02,-1.060889407330649348e-01,-9.046980746958710462e-02,-5.803921211765038918e-02,-2.340840361030350689e-02,2.129245206937848463e-03,1.310982470017362997e-02,1.005920937637192619e-02,-2.087103184227286946e-03,-1.638179683021450186e-02,-2.620802764057866135e-02,-2.696903934417324220e-02,-1.687657105300258489e-02,3.108983965029692501e-03,2.994322126441440954e-02,5.945512210209752402e-02,8.731335205596993387e-02,1.098019473840845528e-01,1.243067322220767906e-01,1.295022874494481113e-01,1.252902153483509695e-01,1.125696516893780752e-01,9.292532736948963534e-02,6.830556275904298147e-02,4.074131747093392292e-02,1.213504726244679817e-02,-1.587058931044445578e-02,-4.194667121119356745e-02,-6.506239849746595083e-02,-8.440479269140546692e-02,-9.922432107472374530e-02,-1.085620970754729991e-01,-1.107387370573997692e-01,-1.023806600746689083e-01,-7.725985601177358386e-02,-3.176316071173602984e-02
8.489295767251764380e-01,5.534275145653175798e-01,-1.263212221324454543e-01,-7.158795183325626921e-01,-8.064660471626150517e-01,-3.395697413517116958e-01,3.566683288659120432e-01,8.008117772099410114e-01,6.930155047531781909e-01,1.165880772786490049e-01,-5.288967857197550693e-01,-8.079156859665452828e-01,-5.434896222482311634e-01,7.401922307996354478e-02,6.280130457120787213e-01,7.596185371677289799e-01,3.988661198540049968e-01,-2.049351282556487464e-01,-6.600475635737529378e-01,-6.883115912054069696e-01,-2.919296547993895929e-01,2.664367789068069481e-01,6.420861829086208505e-01,6.218071922490309156e-01,2.402142873506757648e-01,-2.607811826459401350e-01,-5.892015924487447043e-01,-5.731718312061930831e-01,-2.455404182169659832e-01,1.943161077464860831e-01,5.051327868789791120e-01,5.359923881271920765e-01,2.946238327529716039e-01,-7.502768065545907528e-02,-3.812029803420343699e-01,-4.841435284114869453e-01,-3.561704267279640623e-01,-7.936641895863161267e-02,2.075423911285668999e-01,3.795673036027180092e-01,3.779622718440427964e-01,2.247914182524175519e-01,4.889256469140698105e-04,-1.987067832465582995e-01,-3.016103105284311803e-01,-2.849609923635534336e-01,-1.730951313943683567e-01,-1.970469092774077002e-02,1.172892208866029157e-01,1.967940003298232210e-01,2.048596420940425322e-01,1.532286572954841553e-01,6.958863851218684282e-02,-1.502132654169838905e-02,-7.670767066956798996e-02,-1.042557503556949261e-01,-9.927402541882379694e-02,-7.238176300358599435e-02,-3.770718228570323072e-02,-7.822919042863550609e-03,9.512151769251736902e-03,1.237394727659792484e-02,3.798477972410081033e-03,-1.021736766793275575e-02,-2.299258889885689994e-02,-2.905052633767343448e-02,-2.525395767598648603e-02,-1.112016649647438495e-02,1.153246669708254610e-02,3.934492535936875285e-02,6.831176717311848723e-02,9.459046052052280662e-02,1.150921766545522640e-01,1.278055300797933114e-01,1.318712865671814172e-01,1.274664520654716360e-01,1.155715448930682981e-01,9.769131088790913853e-02,7.558436976979415745e-02,5.103831986834730244e-02,2.570889914310658941e-02,1.028108519885422272e-03,-2.182157290592508583e-02,-4.187043054457548902e-02,-5.825689084450254990e-02,-7.002435672037050918e-02,-7.573221564398432970e-02,-7.271505181587857580e-02,-5.620011403190793009e-02,-2.341434459502043236e-02
8.489295767251764380e-01,5.562856442329030537e-01,-1.188667958330056479e-01,-7.098451214440489876e-01,-8.108000440019245136e-01,-3.566048028800505310e-01,3.364574118084161514e-01,7.936163608638091560e-01,7.088453398682268425e-01,1.489645224631563625e-01,-5.012360940554719813e-01,-8.067864589390921770e-01,-5.743178500516431528e-01,2.874433307264078613e-02,5.986609719182692801e-01,7.687266138617764311e-01,4.442659975839631237e-01,-1.506776408041010096e-01,-6.325452767205934634e-01,-7.077308941307488555e-01,-3.487778456490261414e-01,2.063206915612882109e-01,6.163484050256663460e-01,6.478602535728571477e-01,3.041083372134109619e-01,-1.960853605139024347e-01,-5.616437239917019264e-01,-5.992764445435175835e-01,-3.111916549851705405e-01,1.252360927171741467e-01,4.700990201599026808e-01,5.534350436177735144e-01,3.549174488228267199e-01,-3.206113767061864999e-03,-3.337469956412436600e-01,-4.833823697955849652e-01,-4.009374279746616421e-01,-1.472991289956145644e-01,1.479340397518741634e-01,3.538848748514376030e-01,3.952095882589032327e-01,2.751957976671272066e-01,6.161274944942354836e-02,-1.513891873696603385e-01,-2.847606110115162847e-01,-3.019899885024030506e-01,-2.147067607868234362e-01,-6.912102141465172045e-02,7.724508092768020417e-02,1.777144066744966444e-01,2.098023712431165977e-01,1.772223116281164412e-01,1.027016223961999541e-01,1.637649954218611467e-02,-5.526118850686222855e-02,-9.645023428884431926e-02,-1.041145874492867135e-01,-8.548664975192216131e-02,-5.331815269867629103e-02,-2.077267768947050133e-02,2.428030775396813022e-03,1.186355499358347949e-02,8.327772624923209313e-03,-3.631685538848563374e-03,-1.777633113656339886e-02,-2.814595362150507790e-02,-3.047294018256485604e-02,-2.285815849215730444e-02,-5.757589462306402818e-03,1.852660553085304709e-02,4.660561131333071372e-02,7.479061937467679222e-02,9.974673295559911834e-02,1.189305191181262156e-01,1.307953344051753231e-01,1.347964004915822300e-01,1.312529461726920366e-01,1.211307500931027153e-01,1.058010974227649587e-01,8.681788328536971244e-02,6.573867090097974819e-02,4.400162147467993196e-02,2.286052114147614500e-02,3.375936590762245067e-03,-1.353653225794534433e-02,-2.698580428826536856e-02,-3.586355747910392744e-02,-3.838402412989637413e-02,-3.153591961353460066e-02,-1.356412756503218471e-02
8.489295767251764380e-01,5.592991962292346297e-01,-1.109645695534230148e-01,-7.033165278998768644e-01,-8.151052845746423747e-01,-3.744487471639430520e-01,3.147888168658402042e-01,7.851473418327865605e-01,7.246274629352810193e-01,1.830073857631399070e-01,-4.708339600701939576e-01,-8.034755557255134351e-01,-6.052187253904235398e-01,-1.938022809815671127e-02,5.649962032018150948e-01,7.746835098256050767e-01,4.900353413275645997e-01,-9.212011445328945058e-02,-5.989653721565177946e-01,-7.229630323015583393e-01,-4.062972626613812199e-01,1.404332078487956770e-01,5.826939579919765411e-01,6.684668369282998901e-01,3.685865427214666257e-01,-1.245302336617370859e-01,-5.244036280765957958e-01,-6.182130339387357232e-01,-3.764181423140058880e-01,4.916292958702103699e-02,4.240232585624578165e-01,5.614553831550207486e-01,4.123818577801210972e-01,7.405410092153796864e-02,-2.750556302169022693e-01,-4.709251603514025275e-01,-4.390879800236754393e-01,-2.167925588851246088e-01,7.928725965601696180e-02,3.157001053966251303e-01,4.018727909288130062e-01,3.212843130699997163e-01,1.262514712843550158e-01,-9.437840517354019465e-02,-2.559815103843066098e-01,-3.093514828616500401e-01,-2.522205433572773381e-01,-1.210455521510732380e-01,2.942715001839036476e-02,1.485548982057671163e-01,2.057282204993565455e-01,1.958795768158726192e-01,1.352988001256995032e-01,5.161410178935662424e-02,-2.728999462180169491e-02,-8.161288246974100768e-02,-1.033783533511672681e-01,-9.569156178010329583e-02,-6.897388397893761125e-02,-3.611984851638039284e-02,-8.264499889654771531e-03,7.827662407181879348e-03,1.049878384407157590e-02,2.395001667212319149e-03,-1.123004066329830880e-02,-2.442454110241706194e-02,-3.213374381255116458e-02,-3.119212640428268776e-02,-2.065538946672230980e-02,-1.584206849314515097e-03,2.352130386385743732e-02,5.142439240627766361e-02,7.881751280987035757e-02,1.028388659838175845e-01,1.213912645552376879e-01,1.332666270608324488e-01,1.381127060708509657e-01,1.362936782085213128e-01,1.286968235695438445e-01,1.165289553339184797e-01,1.011335348671173057e-01,8.384638776286142126e-02,6.589709959065259692e-02,4.835582647019379121e-02,3.212209151692944215e-02,1.795406503502291334e-02,6.545834601112756300e-03,-1.325904579702380428e-03,-4.627483189812643845e-03,-2.747774335984170310e-03
8.489295767251764380e-01,5.624651373460399784e-01,-1.026159364584805084e-01,-6.962736085091054683e-01,-8.193311898091284462e-01,-3.930530529171117338e-01,2.916427236555962366e-01,7.752741712208616187e-01,7.401673583610786089e-01,2.185985719225818358e-01,-4.375858791732168962e-01,-7.976358201457007802e-01,-6.357786267066934949e-01,-7.017217398210363888e-02,5.267505058355872460e-01,7.768261499146130733e-01,5.354813904445401285e-01,-2.950225052897209252e-02,-5.588163768475638005e-01,-7.329527740472221442e-01,-4.634537529941309963e-01,6.910614621836540239e-02,5.404109356788170393e-01,6.821431743266573866e-01,4.321896447176417633e-01,-4.666130048941173614e-02,-4.766644617308549159e-01,-6.281081756095262536e-01,-4.392388471313620757e-01,-3.291286596049514818e-02,3.662657613519485489e-01,5.579817627728377305e-01,4.644851889983029336e-01,1.550257419845529616e-01,-2.051349566416894032e-01,-4.449570523970958202e-01,-4.677631458371008799e-01,-2.852292569197119043e-01,2.785922620480111005e-03,2.642058171819588464e-01,3.954642150445453197e-01,3.599072312944188723e-01,1.918644198183672989e-01,-2.861356059406719790e-02,-2.142756471162732268e-01,-3.045214703327600581e-01,-2.825325030812348981e-01,-1.728889093655172904e-01,-2.493090774130848203e-02,1.088709344701663945e-01,1.907637928328491106e-01,2.065731917118990568e-01,1.648341165717346346e-01,8.894348860629129605e-02,6.655052725723351048e-03,-5.908821432990105788e-02,-9.552953017012971726e-02,-1.010997075217655722e-01,-8.295720847084717131e-02,-5.274070529455216622e-02,-2.223350007614652984e-02,-1.587710388623483318e-04,9.353944468519613184e-03,6.705257838843349007e-03,-4.362320377824867139e-03,-1.846083302279745084e-02,-3.020717756178176866e-02,-3.545457031532029540e-02,-3.194586449347799201e-02,-1.941023126207329710e-02,7.595453680525730443e-04,2.606564675215087765e-02,5.352533892661787834e-02,8.022106554647616405e-02,1.037039477696053008e-01,1.222253608774074435e-01,1.348096409552410613e-01,1.412036138956154485e-01,1.417469843078810465e-01,1.372054000642026483e-01,1.285995090052381717e-01,1.170522683521248719e-01,1.036657237948258453e-01,8.942864268544845063e-02,7.514744071579887441e-02,6.138247210167329521e-02,4.835509851816896520e-02,3.576973961056622436e-02,2.260122084691150446e-02,8.268411122503000615e-03
8.489295767251764380e-01,5.657802640524771665e-01,-9.382259263158078400e-02,-6.886957423154529412e-01,-8.234244487774557975e-01,-4.123639585295342247e-01,2.670040336636693712e-01,7.638641851148476603e-01,7.552562189057022701e-01,2.555961873883563218e-01,-4.014061891430092954e-01,-7.889136300623950104e-01,-6.655414941840429588e-01,-1.233852132708777027e-01,4.837011429602609547e-01,7.744742639268115125e-01,5.798174646890007500e-01,3.680474827562208590e-02,-5.116944314926110682e-01,-7.366117245594130392e-01,-5.190443561843570697e-01,-7.099294960672132039e-03,4.889413538162218908e-01,6.873647842279968501e-01,4.932033160365314473e-01,3.661885103040437434e-02,-4.178710698618812169e-01,-6.270801201490414645e-01,-4.973516233692881205e-01,-1.194994105127332451e-01,2.966152218498939730e-01,5.410534573155530991e-01,5.083885141781654404e-01,2.373668267335164450e-01,-1.246343017752221810e-01,-4.040186520322200381e-01,-4.839740061970530527e-01,-3.493985956734564358e-01,-7.956860216395612861e-02,1.992862981825899993e-01,3.737555432533239408e-01,3.876139629023861999e-01,2.551529716717955698e-01,4.403920139808899931e-02,-1.593890040087245219e-01,-2.852577687722718247e-01,-3.022577729537750946e-01,-2.213212958966759847e-01,-8.365349404241696762e-02,5.904888824979145912e-02,1.634979211465368010e-01,2.066458945697042526e-01,1.882760929668118033e-01,1.258449339752694685e-01,4.520103231609341743e-02,-2.886702649863940803e-02,-7.934958878263979887e-02,-9.975523476486594654e-02,-9.317289637053897955e-02,-6.894719456110327827e-02,-3.856030859026632340e-02,-1.206163449157018723e-02,4.165547795289389378e-03,8.106086983878360921e-03,1.546348980512420078e-03,-1.125767571425827229e-02,-2.514060688065404559e-02,-3.539058054406885728e-02,-3.866704299094188280e-02,-3.340302130868078728e-02,-1.975581977195631223e-02,7.548322304402615849e-04,2.576238319936586391e-02,5.258412876651767653e-02,7.866955858420614234e-02,1.019151541845376985e-01,1.208342870802890517e-01,1.345988936734143215e-01,1.429847687397989842e-01,1.462565204099827154e-01,1.450246638380193742e-01,1.400992319241685380e-01,1.323540616849296914e-01,1.226045352131284738e-01,1.114876965770299488e-01,9.931199873944447643e-02,8.580318820294037530e-02,6.961846829890595834e-02,4.776668223902819088e-02,1.852671466636700640e-02
8.489295767251764380e-01,5.692412033192627563e-01,-8.458657035919552036e-02,-6.805619297738685347e-01,-8.273291004777911795e-01,-4.323221700718426486e-01,2.408633172301032077e-01,7.507838621435634074e-01,7.696712820424173040e-01,2.938324934811696876e-01,-3.622326910883584272e-01,-7.769537654137607108e-01,-6.940096116306769813e-01,-1.787022339976514773e-01,4.356842616904121890e-01,7.669431565935150852e-01,6.221646920326457941e-01,1.062821929024966167e-01,-4.573129841884026603e-01,-7.328458111026010524e-01,-5.717021833988351620e-01,-8.736322369518295661e-02,4.279363598753324061e-01,6.826191647835474496e-01,5.496733894488909922e-01,1.240081786214533299e-01,-3.478187247292422457e-01,-6.133314246050526330e-01,-5.481756529622373586e-01,-2.085602532331428394e-01,2.154104189672352843e-01,5.089682371417502127e-01,5.410441773566397883e-01,3.181097832001879566e-01,-3.497728412729483177e-02,-3.472085495491895046e-01,-4.847861320602594448e-01,-4.055734046458008835e-01,-1.648791128363289171e-01,1.217306547428592678e-01,3.350449694057406336e-01,4.008650377218830885e-01,3.121264087456117609e-01,1.206716256633702938e-01,-9.207134828137292226e-02,-2.499140952632261659e-01,-3.079861763954906961e-01,-2.623788781040302664e-01,-1.435426845421964304e-01,5.470114987422545517e-04,1.233054643138360856e-01,1.937163830417486243e-01,2.023058896911565374e-01,1.590645310458059236e-01,8.602726775626091948e-02,8.167873527075453569e-03,-5.423071982230406179e-02,-8.990589060771293772e-02,-9.731638673121596750e-02,-8.252852995542400705e-02,-5.565550982639488886e-02,-2.720969954362965904e-02,-5.343140891178527370e-03,5.577124751473628260e-03,5.090378898564684902e-03,-4.192604139228190557e-03,-1.790815497579038157e-02,-3.130191611141012326e-02,-4.032166289238583307e-02,-4.228568550886898508e-02,-3.611197969734290109e-02,-2.218985267287246557e-02,-2.021865769554425686e-03,2.223192017086812397e-02,4.819926162637715172e-02,7.365910613677179031e-02,9.678886983990434012e-02,1.162919339940430841e-01,1.314219607869817619e-01,1.419306689234774710e-01,1.479673209068987638e-01,1.499537871675216405e-01,1.484506716705995544e-01,1.440182190793797834e-01,1.370583739538555057e-01,1.275935879582681676e-01,1.148771967452630882e-01,9.664806109941613543e-02,6.824107251016806042e-02,2.696262646757118658e-02
8.489295767251764380e-01,5.728444135848503871e-01,-7.491027223166389637e-02,-6.718509127721952190e-01,-8.309866338047028345e-01,-4.528625863854011113e-01,2.132177930558905588e-01,7.359002251057713551e-01,7.831764105239722440e-01,3.331120255098030114e-01,-3.200314967607669203e-01,-7.614051008293695189e-01,-7.206455614700082446e-01,-2.357291710190836664e-01,3.826091262624048972e-01,7.535592316232128107e-01,6.615573316798020187e-01,1.782499196754723514e-01,-3.955345836911194346e-01,-7.205895022709114528e-01,-6.199098923792452087e-01,-1.705827948043757147e-01,3.573150091617213753e-01,6.664716345536934039e-01,5.994385397139881944e-01,2.137746462150214299e-01,-2.667450654673532151e-01,-5.852624256548262238e-01,-5.889247784145167364e-01,-2.974965119241845812e-01,1.236581614364503645e-01,4.604551179869197930e-01,5.593407943477080035e-01,3.936982800476797051e-01,6.153111147118276586e-02,-2.744020912824431946e-01,-4.675593110470304681e-01,-4.496604552278661848e-01,-2.493348802498280559e-01,3.342805056099567435e-02,2.784619982672236205e-01,3.963276102950998303e-01,3.582671905081158403e-01,1.972950294491353784e-01,-1.431424013242694679e-02,-1.977982724565208739e-01,-2.966363368669220346e-01,-2.916910138654948415e-01,-2.004006760773524853e-01,-6.391407272472436618e-02,7.068999254129067211e-02,1.660682776018301277e-01,2.036377188602608856e-01,1.847778675054438657e-01,1.258344387579118095e-01,5.003490086374100254e-02,-2.049409635449782330e-02,-7.034490917260158294e-02,-9.315358938644174858e-02,-9.090694670341779859e-02,-7.126494718728350330e-02,-4.416326863799205360e-02,-1.877212801504908254e-02,-1.469419522358979008e-03,4.970761343027897509e-03,1.134047700629382642e-03,-9.970468717671744641e-03,-2.412704208214101059e-02,-3.706415438755603781e-02,-4.531642733726041344e-02,-4.670660958330421358e-02,-4.046406951231645843e-02,-2.706370759202998688e-02,-7.896428057102378856e-03,1.512193386631742985e-02,3.991971860885052542e-02,6.456389707449938786e-02,8.745668390521482705e-02,1.074341387073697862e-01,1.237811827121040875e-01,1.361839187238773341e-01,1.446398475520832561e-01,1.493409012476158149e-01,1.505333384797327700e-01,1.483396005862095968e-01,1.424906772848663905e-01,1.318432503690775137e-01,1.134547795917025120e-01,8.147947025788032649e-02,3.253537276597864847e-02
8.489295767251764380e-01,5.765861858766864190e-01,-6.479650590117294606e-02,-6.625413014215979501e-01,-8.343361073664675720e-01,-4.739140468280610974e-01,1.840723328998327690e-01,7.190823893830492475e-01,7.955229477788307024e-01,3.732099409146692470e-01,-2.748020413617159319e-01,-7.419271421497970476e-01,-7.448755272974800778e-01,-2.939898695119763650e-01,3.244729225712603693e-01,7.336783254141924226e-01,6.969522934339672515e-01,2.518553291204475575e-01,-3.264038771266847827e-01,-6.988468054620919911e-01,-6.620232581430515184e-01,-2.553556255481034820e-01,2.773242111384298658e-01,6.376439622013314601e-01,6.401832601522324806e-01,3.037429814434423614e-01,-1.754196838496929478e-01,-5.416034365122640581e-01,-6.167155668734152218e-01,-3.831637762253816692e-01,2.313633875969192330e-02,3.948652661310910750e-01,5.602971470009231458e-01,4.600843550517128566e-01,1.616402956697037818e-01,-1.864696085198957187e-01,-4.302366982185372724e-01,-4.774349431855995918e-01,-3.282788716386613181e-01,-6.248485332619443250e-02,2.042871630866016641e-01,3.712495941436668168e-01,3.888130182249832645e-01,2.689141053445521234e-01,7.047483069830609570e-02,-1.295421707679622891e-01,-2.658976748855472194e-01,-3.048449052769404144e-01,-2.491950121919901118e-01,-1.302627265343621055e-01,7.598461803167816039e-03,1.230942923425886321e-01,1.894616599295279036e-01,1.989081019372594128e-01,1.604572595984448957e-01,9.354193041384400997e-02,2.031569115145751003e-02,-4.080297916062199798e-02,-7.890863079049910411e-02,-9.143029097184635079e-02,-8.260791659773156215e-02,-6.068060441724117127e-02,-3.486272599662867955e-02,-1.291236260163328327e-02,2.965478395148128427e-04,3.156928587432467070e-03,-3.115579196001034244e-03,-1.541334107746803080e-02,-2.981174069851671646e-02,-4.252282607533967862e-02,-5.057175643054554609e-02,-5.214653477098889212e-02,-4.665206968972996499e-02,-3.454631296384684525e-02,-1.705152436348917472e-02,4.174061465816118928e-03,2.733973145037189856e-02,5.076154939780244679e-02,7.302086419500082581e-02,9.304280896227233588e-02,1.101058956537181027e-01,1.237975034626496024e-01,1.339276763689468686e-01,1.404048955490483641e-01,1.430591470015832312e-01,1.413595128340156271e-01,1.338942818274347912e-01,1.173731107684999886e-01,8.543540701816974836e-02,3.439538645501338116e-02
8.489295767251764380e-01,5.804626451007109944e-01,-5.424851932903832635e-02,-6.526117074912304306e-01,-8.373142907517452382e-01,-4.953991075241278019e-01,1.534404828428699852e-01,7.002032584861980213e-01,8.064508776493870545e-01,4.138706648796878773e-01,-2.265821849143876410e-01,-7.181974041531807851e-01,-7.660941101806102438e-01,-3.529222904618081746e-01,2.613757727382415852e-01,7.067067990012595446e-01,7.272434119872233094e-01,3.260665998389697395e-01,-2.501806144575908220e-01,-6.667387189622835386e-01,-6.963061622973869547e-01,-3.399737830169703434e-01,1.885966608366403396e-01,5.951044192786316689e-01,6.695133559951479407e-01,3.913045952125464577e-01,-7.522419387488507581e-02,-4.815612518541877440e-01,-6.287121413033591732e-01,-4.619332112463523377e-01,-8.353157529491231359e-02,3.123697047994656306e-01,5.413028617076296456e-01,5.128965545219857924e-01,2.611537624758954457e-01,-8.547099372932857875e-02,-3.716692968013105003e-01,-4.848625311685499928e-01,-3.963828066445870824e-01,-1.615595321214188251e-01,1.142525580651970601e-01,3.238942621241766573e-01,3.991632276208579300e-01,3.297463424220576367e-01,1.574116415110241862e-01,-4.743487871132886363e-02,-2.147304504412674842e-01,-2.978885094351073626e-01,-2.843999955522588663e-01,-1.931465133476162610e-01,-6.235589661821271112e-02,6.574425177714758595e-02,1.579853854479442710e-01,1.976099854835660086e-01,1.851644200679446461e-01,1.343337577143736139e-01,6.522810337418925852e-02,-2.335310002959798802e-03,-5.373050878183720236e-02,-8.180423403578752917e-02,-8.668023504933625167e-02,-7.383616099617677786e-02,-5.142202457704466573e-02,-2.768626550967788480e-02,-9.084616739574032443e-03,6.931754996224870216e-04,8.302045658077745159e-04,-7.145531965669735253e-03,-2.022514659930669048e-02,-3.484273037147388175e-02,-4.765826508435377223e-02,-5.609145883899070706e-02,-5.858192231990861504e-02,-5.461098297949543157e-02,-4.455279454841269693e-02,-2.943073384354717714e-02,-1.064657058172787697e-02,1.026757827954588066e-02,3.184429341476400360e-02,5.281021467460392943e-02,7.214980103174277459e-02,8.911061325600262706e-02,1.031583239468651103e-01,1.138840542117085103e-01,1.208511359433200733e-01,1.233334534446897529e-01,1.198230635151705387e-01,1.070822718032494320e-01,7.901079222116827450e-02,3.206746622560936733e-02
8.489295767251764380e-01,5.844697515123045140e-01,-4.327003634590290138e-02,-6.420408843094969065e-01,-8.398558287667642341e-01,-5.172338522084880541e-01,1.213454911505836425e-01,6.791413643409053291e-01,8.156903160588970803e-01,4.548069064723889721e-01,-1.754533083143131056e-01,-6.899196004465999454e-01,-7.836708089748759543e-01,-4.118764312616225443e-01,1.935355068517918553e-01,6.721252059333587825e-01,7.512809528590687069e-01,3.996713114045001847e-01,-1.673711465994805747e-01,-6.235563627836584466e-01,-7.209780057528705211e-01,-4.224313926353208126e-01,9.220277505220873804e-02,5.381666688166484303e-01,6.850551689485618878e-01,4.734565368110816297e-01,3.178587707059441630e-02,-4.049728654099445380e-01,-6.223071549303769157e-01,-5.298052998270594838e-01,-1.928461070952867673e-01,2.141477816570880599e-01,5.003979949468598809e-01,5.476857802290969746e-01,3.550141908661939572e-01,2.520231956091523173e-02,-2.919519221900618300e-01,-4.685026516526329954e-01,-4.479476461238539597e-01,-2.580922443748271955e-01,1.177801742933006456e-02,2.540008919540203136e-01,3.854014992607149859e-01,3.736121450295133428e-01,2.402402993026173939e-01,4.434436849522304519e-02,-1.438711629783488433e-01,-2.679490091848550914e-01,-3.005314422617892944e-01,-2.462153047588843680e-01,-1.338385034361541936e-01,-3.099149318392603776e-03,1.090207028369249848e-01,1.779033653098865686e-01,1.951718413411123454e-01,1.671606334080956990e-01,1.098178102668408707e-01,4.237765664994962156e-02,-1.817676195428965386e-02,-6.063532609016544089e-02,-8.073164405229155127e-02,-8.033461199496601257e-02,-6.542141067337388372e-02,-4.366338142147575818e-02,-2.229569350486031859e-02,-6.668438750778011431e-03,4.027189933716381911e-04,-1.416467655783785378e-03,-1.051510192945337083e-02,-2.410495496871557786e-02,-3.900084070376215462e-02,-5.226230568148852729e-02,-6.162099635475036530e-02,-6.568280752569506664e-02,-6.393843825175787865e-02,-5.663875598662867356e-02,-4.459594804075828200e-02,-2.896369237306472416e-02,-1.103556318844103011e-02,7.914436690461925869e-03,2.673857104882814209e-02,4.446789210821362748e-02,6.031341873094724082e-02,7.361696289261286663e-02,8.374190647545766419e-02,8.986695637009448068e-02,9.058588612420530317e-02,8.313298807855158679e-02,6.245625731848478135e-02,2.561603107399015172e-02
8.489295767251764380e-01,5.886033023818403320e-01,-3.186529234025016477e-02,-6.308078728964295889e-01,-8.418934300569324014e-01,-5.393277439500301362e-01,8.782133138226115576e-02,6.557828468037395497e-01,8.229633593580935047e-01,4.956991219730424447e-01,-1.215452927334403910e-01,-6.568325858381930393e-01,-7.969582902755881770e-01,-4.701143528539755700e-01,1.213016460028537441e-01,6.295141997222689634e-01,7.678966994879691255e-01,4.712817502768090194e-01,-7.875659274500027007e-02,-5.688184817450167019e-01,-7.342740703717208772e-01,-5.004488956076621475e-01,-1.030808350602611251e-02,4.665935024576569612e-01,6.845783084142780250e-01,5.468748435697028398e-01,1.428472349846460765e-01,-3.124563905674977438e-01,-5.953347450857933154e-01,-5.825823997636299101e-01,-3.004618389503937448e-01,1.025457781105922755e-01,4.365766287290094305e-01,5.602491175882864383e-01,4.374931982486222615e-01,1.407711836598056765e-01,-1.927364017025117449e-01,-4.259737259289937961e-01,-4.773369277783514608e-01,-3.453375787722189894e-01,-9.791089877265790609e-02,1.632192746361732782e-01,3.449057469363828732e-01,3.945041393318879375e-01,3.116517803226089289e-01,1.396672062953335514e-01,-5.626698461946614410e-02,-2.139138050896118026e-01,-2.928644177889711542e-01,-2.826558295849530000e-01,-1.999845947137675883e-01,-7.841372557832199108e-02,4.452662012722657936e-02,1.384010486852695065e-01,1.863624737386181118e-01,1.864114437717716566e-01,1.484324361349747545e-01,8.891771531517964067e-02,2.538256536931921686e-02,-2.801486781346379518e-02,-6.288853243509413826e-02,-7.703710703458936659e-02,-7.332553483457460164e-02,-5.773589746173345139e-02,-3.727124248317387201e-02,-1.821957455327675307e-02,-5.046628042599420570e-03,3.605814361544771272e-05,-3.059715916966832070e-03,-1.279855285949859506e-02,-2.668349302624970637e-02,-4.190823979601403931e-02,-5.588498285221776135e-02,-6.659353640633375315e-02,-7.274737924978326442e-02,-7.380556206056725077e-02,-6.987595705978477678e-02,-6.155810403766800998e-02,-4.976757200150514621e-02,-3.557289891267555182e-02,-2.006450406171121637e-02,-4.265047369497072804e-03,1.091586709573015741e-02,2.468175916921484109e-02,3.629869522415680311e-02,4.497268124404001088e-02,4.959613458716172901e-02,4.825172220439868931e-02,3.761701108271914284e-02,1.575001292600536687e-02
8.489295767251764380e-01,5.928589338678954546e-01,-2.003906988276649495e-02,-6.188921540294533008e-01,-8.433580813924694830e-01,-5.615835241788743604e-01,5.291370800077963010e-02,6.300235634263816609e-01,8.279863102680177223e-01,5.361955043244747143e-01,-6.504125362206232552e-02,-6.187199567815238055e-01,-8.053025392318764464e-01,-5.268127113776960302e-01,4.516796039633780985e-02,5.785821694259567494e-01,7.759347934013500758e-01,5.393481514028211077e-01,1.458443295769939856e-02,-5.023314193537533612e-01,-7.345187010627096669e-01,-5.715167336978898005e-01,-1.168824072659958579e-01,3.806999259724628826e-01,6.661397825443270415e-01,6.080264741762556602e-01,2.544935245873151120e-01,-2.055462574842580603e-01,-5.463069558574203954e-01,-6.161025484493179993e-01,-4.012936073521835567e-01,-1.881879533994402706e-02,3.500917432782457706e-01,5.470229947120942571e-01,5.024993022344070859e-01,2.551329701407817341e-01,-7.747805102222368734e-02,-3.564454251400707152e-01,-4.795348180145401762e-01,-4.159062236358135323e-01,-2.078405921238404841e-01,5.544917614547895113e-02,2.769906564097002755e-01,3.873186770806308910e-01,3.638477263652886706e-01,2.306458921637981607e-01,4.265696365113579719e-02,-1.370869223980509533e-01,-2.582851174881041767e-01,-2.959852534513690014e-01,-2.529018144448926808e-01,-1.531069707054044104e-01,-3.101075606426253323e-02,8.003044402265283019e-02,1.561578796874644459e-01,1.869168505796388324e-01,1.747409220812983222e-01,1.313116054140655020e-01,7.256554804791991165e-02,1.397108688316112297e-02,-3.284166716356489574e-02,-6.166911990713073305e-02,-7.167472749101903851e-02,-6.616802148822156782e-02,-5.083067081158859635e-02,-3.193664960639454320e-02,-1.494519009563077469e-02,-3.646251910652723895e-03,1.346453499084539868e-04,-3.617891235007701916e-03,-1.354860962421742393e-02,-2.748957449752624863e-02,-4.300158236964529007e-02,-5.781100305145348700e-02,-7.010140967017390590e-02,-7.865774549866566545e-02,-8.288614908278886528e-02,-8.274500832519124383e-02,-7.862488430895957225e-02,-7.121015524854518164e-02,-6.134700684132073090e-02,-4.993348219807973443e-02,-3.783958988102385096e-02,-2.586013110259498260e-02,-1.470084803995823364e-02,-5.001114056806734744e-03,2.593594633510863407e-03,7.280910643107345835e-03,7.918007148274525814e-03,3.823853046271749340e-03
8.489295767251764380e-01,5.972321231109720685e-01,-7.796734086662094644e-03,-6.062738058784258310e-01,-8.441792887351803332e-01,-5.838971655157869645e-01,1.668103035902313361e-02,6.017713166781950562e-01,8.304722974271537828e-01,5.759125782491361090e-01,-6.181883729544524614e-03,-5.754201771060881709e-01,-8.080549375332678474e-01,-5.810681839306772734e-01,-3.421711619122203007e-02,5.191938998381347981e-01,7.742882683109061359e-01,6.021810298263131633e-01,1.112608781449322543e-01,-4.242490254525287940e-01,-7.202103477025011413e-01,-6.329607111247123052e-01,-2.249590429054953711e-01,2.814485671238626252e-01,6.282451265792421413e-01,6.533220796450710521e-01,3.626089785888976236e-01,-8.679716292959586965e-02,-4.746601704372426234e-01,-6.265316144215872241e-01,-4.897117370696135730e-01,-1.450339710123169923e-01,2.427307289298912540e-01,5.055258467971800451e-01,5.440079506401815923e-01,3.610778984081766119e-01,4.843572267415564847e-02,-2.611065473397220504e-01,-4.508001128386976419e-01,-4.623577921454458672e-01,-3.095759355915258526e-01,-6.299627011294539614e-02,1.835015642173334904e-01,3.486989784860959896e-01,3.893525081041145364e-01,3.081338398807519918e-01,1.450036796503801628e-01,-4.170154322426384425e-02,-1.961817376486560405e-01,-2.810641591580116949e-01,-2.845156393610528966e-01,-2.184582899545547130e-01,-1.105005049124962724e-01,6.604040029592660177e-03,1.044279788942716197e-01,1.649687105955304212e-01,1.826217784750090445e-01,1.625962009545205700e-01,1.171181981299538460e-01,6.095728977520303848e-02,7.537521589480586023e-03,-3.361582556890359286e-02,-5.788592520128201663e-02,-6.524602119600902972e-02,-5.906653163060276990e-02,-4.455710453795273807e-02,-2.727471110871911714e-02,-1.198011794248557069e-02,-1.964059331232589738e-03,1.168712181042326449e-03,-2.644671359161734989e-03,-1.229431112611637997e-02,-2.595865918538791881e-02,-4.155138623967781497e-02,-5.708506858761692310e-02,-7.091960608324054949e-02,-8.189289248851568115e-02,-8.935085854134343364e-02,-9.310377862497989931e-02,-9.333759396685287202e-02,-9.050553382532473823e-02,-8.521895515551324018e-02,-7.814889924311678449e-02,-6.994230215067148704e-02,-6.114879234021169951e-02,-5.214336445144952120e-02,-4.301208860647914856e-02,-3.334459212321215504e-02,-2.198980747406164074e-02,-8.298244562517917422e-03
8.489295767251764380e-01,6.017181905603045111e-01,4.855732502847859462e-03,-5.929336667758606794e-01,-8.442853460121704234e-01,-6.061578849003607106e-01,-2.080466039345740814e-02,5.709481817306546469e-01,8.301342985108933759e-01,6.144364792062049219e-01,5.473075595733239290e-02,-5.268370548922379770e-01,-8.045862589670478293e-01,-6.319061517337181133e-01,-1.160430029908299659e-01,4.513993497454130699e-01,7.619409338378161367e-01,6.579835664164360720e-01,2.095645849724524501e-01,-3.351293185100123195e-01,-6.901165066705132745e-01,-6.820304325099556531e-01,-3.314930779509297487e-01,1.705289769686232637e-01,5.700195008826585141e-01,6.793091007940006421e-01,4.625401999637405170e-01,4.016062238896912079e-02,-3.809929053603299254e-01,-6.107040355167738799e-01,-5.598339324001153638e-01,-2.699777723987473177e-01,1.180239943617196474e-01,4.348177437220727137e-01,5.566035825151895988e-01,4.506806051667512913e-01,1.777282931850223402e-01,-1.435418260003012147e-01,-3.893630286457597789e-01,-4.779745536262322014e-01,-3.937736826894562281e-01,-1.834873819157682717e-01,6.925475693925337017e-02,2.779006544186399252e-01,3.820346744266837069e-01,3.625685093514905977e-01,2.407830502087697500e-01,6.485281473685976239e-02,-1.092317443447105851e-01,-2.352287482170452304e-01,-2.877323593085615583e-01,-2.649954981944143140e-01,-1.846064351208194232e-01,-7.493738641905219044e-02,3.426539933759790296e-02,1.194272143044815687e-01,1.673381913585820779e-01,1.758004047480745957e-01,1.515062850919686177e-01,1.064061684791308415e-01,5.383520024384608887e-02,5.358387639817616468e-03,-3.115913341211761292e-02,-5.218251976147614962e-02,-5.807803591982765162e-02,-5.202259226840933587e-02,-3.866847231926319461e-02,-2.290077025475801414e-02,-8.899978870012608193e-03,4.056622163488112008e-04,3.515662029889636900e-03,2.424195426312957295e-04,-8.585658654353886532e-03,-2.149771657800095270e-02,-3.674662859153626088e-02,-5.261266265207525245e-02,-6.761787332429365638e-02,-8.064736059195762308e-02,-9.098887398302274443e-02,-9.831012215801018805e-02,-1.025948756362593806e-01,-1.040562339878690762e-01,-1.030396925097721988e-01,-9.992037177228663136e-02,-9.498653650625260569e-02,-8.828003334669987101e-02,-7.932222627601148712e-02,-6.659737549807749624e-02,-4.693853221810040388e-02,-1.852315647887238514e-02
8.489295767251764380e-01,6.063123025459655757e-01,1.791169570297687294e-02,-5.788535026150526397e-01,-8.436036323017288563e-01,-6.282482234273258914e-01,-5.945682819099919192e-02,5.374929135507074962e-01,8.266885696851772325e-01,6.513249906700363523e-01,1.173301718932852067e-01,-4.729503529614020874e-01,-7.943025059629036377e-01,-6.782929567514155433e-01,-1.993332552448774386e-01,3.754614361584054372e-01,7.380139281745006219e-01,7.048947170863215650e-01,3.074784246390781517e-01,-2.359841200292658869e-01,-6.433754630441254063e-01,-7.160110148374931871e-01,-4.330123684170494869e-01,5.041128603500218130e-02,4.913789256316580811e-01,6.829010909463258949e-01,5.492727719272390008e-01,1.706326604459399154e-01,-2.672714217447446083e-01,-5.664942895695834757e-01,-6.059134304614864908e-01,-3.865334496187327051e-01,-1.865541392379519922e-02,3.359314345157751180e-01,5.361060107598764057e-01,5.158749732891598772e-01,3.014971128067529538e-01,-9.940144606008114933e-03,-2.960861339036648943e-01,-4.576692719345918370e-01,-4.510131225465341953e-01,-2.955086148106086941e-01,-5.779505772416199810e-02,1.775520446324472534e-01,3.382465816457106977e-01,3.851382362573316231e-01,3.187325267490926373e-01,1.722322784617598690e-01,-3.904911306265951461e-03,-1.593761080801889274e-01,-2.578172276223139048e-01,-2.837995819521692553e-01,-2.426408630939650701e-01,-1.547878636230910210e-01,-4.759447690671677472e-02,5.270872155973563983e-02,1.268528157580514626e-01,1.652891681675329183e-01,1.680079226405855330e-01,1.422459715627556187e-01,9.918846040899666205e-02,5.068622771440439018e-02,6.707661926016172775e-03,-2.613590131759288906e-02,-4.499052610753022374e-02,-5.031598360208884568e-02,-4.493417942714061919e-02,-3.290505902198448407e-02,-1.849438237457227616e-02,-5.396111559572143272e-03,3.728069868274232982e-03,7.408232890452230886e-03,5.289668236843384289e-03,-2.094572961543977960e-03,-1.361918355774575928e-02,-2.786329526691509392e-02,-4.336337941245326649e-02,-5.879901206440764361e-02,-7.310583885135925331e-02,-8.552214647298451988e-02,-9.558179287336353303e-02,-1.030675516330135238e-01,-1.079359405278913636e-01,-1.102172777893248995e-01,-1.098807672365196414e-01,-1.066265438430182150e-01,-9.950939619775636680e-02,-8.622082021872112811e-02,-6.223293441862780967e-02,-2.492651264795681110e-02
8.489295767251764380e-01,6.110094741080435155e-01,3.136383639038411997e-02,-5.640161782931122358e-01,-8.420609378866880101e-01,-6.500441991180003765e-01,-9.917366056006178543e-02,5.013634075068805762e-01,8.198584757777104270e-01,6.861104078897093395e-01,1.811832852850127629e-01,-4.138262712688557943e-01,-7.766624329192740595e-01,-7.191519771403162009e-01,-2.829464690433333152e-01,2.918815150451012363e-01,7.018158782770735904e-01,7.410433067532886664e-01,4.026996416826924552e-01,-1.283173695208184306e-01,-5.796005057414335138e-01,-7.323567154574426308e-01,-5.257109712821428360e-01,-7.563594182448692138e-02,3.931890533176238822e-01,6.616348480029506929e-01,6.176754294786841459e-01,2.989555243616157099e-01,-1.369756984851312198e-01,-4.931924908065065116e-01,-6.228123038948325529e-01,-4.869509788361995883e-01,-1.601438914155740023e-01,2.122177926392199709e-01,4.802332051092114695e-01,5.491983030407799893e-01,4.097324979112372256e-01,1.309460978175352175e-01,-1.749882510904431088e-01,-3.989427567184342660e-01,-4.728737140471117595e-01,-3.874687654195281827e-01,-1.867773950390779203e-01,5.415202335986324389e-02,2.579346381129909438e-01,3.691870312973848378e-01,3.675913025623117614e-01,2.678860745177361613e-01,1.095135814515578732e-01,-5.877844205967175384e-02,-1.937970982250220853e-01,-2.681351234744459577e-01,-2.740101445373090416e-01,-2.211841476730813660e-01,-1.309374538928158305e-01,-2.861450368215756601e-02,6.303482663396686725e-02,1.282976776325158164e-01,1.602460706789832212e-01,1.601009274928067994e-01,1.350010038224618847e-01,9.510811359136432663e-02,5.085802002881108924e-02,1.089433386736183423e-02,-1.908588624184498136e-02,-3.660760919539647607e-02,-4.201773850043204195e-02,-3.768516765301185845e-02,-2.706851109894646903e-02,-1.385968174025007174e-02,-1.330998404411393166e-03,8.064416432595641199e-03,1.285002441543604997e-02,1.249017578422078299e-02,7.226705760321492332e-03,-2.147495990878908138e-03,-1.452460721857105896e-02,-2.869043397344006249e-02,-4.348442209802486080e-02,-5.790367431737635656e-02,-7.115292698342597089e-02,-8.264728420663919328e-02,-9.197475216063728809e-02,-9.882068834092605503e-02,-1.028435145326892369e-01,-1.034625997615185450e-01,-9.945872372218073076e-02,-8.820423404174425330e-02,-6.474276807157232361e-02,-2.619689420641258676e-02
8.489295767251764380e-01,6.158045720941377477e-01,4.520411832422411430e-02,-5.484058325382624721e-01,-8.395838193517374259e-01,-6.714155385673002963e-01,-1.398373875706324099e-01,4.625391830390500614e-01,8.093787060271616651e-01,7.183032870568818451e-01,2.457893826474886190e-01,-3.496274960379729402e-01,-7.511965148698265260e-01,-7.533836708060532850e-01,-3.655826478586520212e-01,2.014210728895390601e-01,6.528951928979495056e-01,7.646128445392165185e-01,4.926805143338441884e-01,-1.414747846553285858e-02,-4.989810411930857281e-01,-7.288432337572526842e-01,-6.055821216725654210e-01,-2.035737296824710607e-01,2.773964451089832028e-01,6.139421200538726087e-01,6.628090473860840381e-01,4.186896417740843535e-01,4.843786408215975010e-03,-3.918489787468092955e-01,-6.065358322032159410e-01,-5.633580663884744100e-01,-2.977289075944889452e-01,6.954103005241231428e-02,3.892319832909392763e-01,5.446630406707885230e-01,4.921024788669919325e-01,2.681615620651964238e-01,-3.351589798614580673e-02,-3.027691312280722524e-01,-4.531782800759769914e-01,-4.478888201251219892e-01,-3.046110725265135377e-01,-8.186329095777689080e-02,1.455226349737365477e-01,3.116933661326883875e-01,3.777551309158247439e-01,3.384010687267079986e-01,2.175533504388141581e-01,5.662953656734678182e-02,-9.961447359728425877e-02,-2.151886585680818087e-01,-2.701094950163288044e-01,-2.620024717425404326e-01,-2.030038005759073338e-01,-1.138902562659895173e-01,-1.756826578671584135e-02,6.635820695524578816e-02,1.249546458767705481e-01,1.530380188226398430e-01,1.523481136406554803e-01,1.295094373558168532e-01,9.354931635880726903e-02,5.360814521065953436e-02,1.724706500702097647e-02,-1.048755726432096073e-02,-2.728469460639624394e-02,-3.324371223714638057e-02,-3.022502965164193187e-02,-2.108846831350521395e-02,-8.984389266462989437e-03,3.199609006249444498e-03,1.319383424385545817e-02,1.950822484879950747e-02,2.143568702139972762e-02,1.894595882599577064e-02,1.251987552625204517e-02,2.966509739087365080e-03,-8.745743337185538438e-03,-2.162502451083770857e-02,-3.474989960071223766e-02,-4.731946511956329482e-02,-5.866107828148810210e-02,-6.819550135454015283e-02,-7.535028866262655223e-02,-7.938919096924064445e-02,-7.907426937064918060e-02,-7.200634979971864968e-02,-5.383398708126535537e-02,-2.202055349116883304e-02
8.489295767251764380e-01,6.206923185358015349e-01,5.942375732256460069e-02,-5.320080553819520608e-01,-8.360989835940684234e-01,-6.922259930076616330e-01,-1.813137208212296791e-01,4.210238552724737127e-01,7.949998496698952311e-01,7.473971264323729935e-01,3.105803629816880629e-01,-2.806224695841974537e-01,-7.175270249086955765e-01,-7.798896137807106443e-01,-4.457958121300362175e-01,1.051180033763937371e-01,5.910925849444644831e-01,7.739161595476202749e-01,5.746879235554778198e-01,1.039910387649569667e-01,-4.023738619935584016e-01,-7.037332965778511085e-01,-6.685910932459243616e-01,-3.286756546347591734e-01,1.471155654823730619e-01,5.394176767207459200e-01,6.802908177850330862e-01,5.229180274966447328e-01,1.516274223753599493e-01,-2.655456528521792370e-01,-5.547895945696605935e-01,-6.084071131435712099e-01,-4.216063854562188129e-01,-8.374209543841112935e-02,2.663903247745165737e-01,4.986827757224287505e-01,5.389792126853027998e-01,3.892753817860412080e-01,1.175531887800872477e-01,-1.742563385853244939e-01,-3.892642662828297295e-01,-4.668998868865397722e-01,-3.972314050045915867e-01,-2.166356527538264021e-01,1.034091387805198894e-02,2.145835597853768262e-01,3.431352301007394301e-01,3.713916090579963414e-01,3.049441041082263659e-01,1.727309827828135691e-01,1.529242211012864922e-02,-1.275853390651669472e-01,-2.264171878513552005e-01,-2.669394622229187553e-01,-2.502621362582400089e-01,-1.893743980583179609e-01,-1.037471448413721103e-01,-1.377723705831236829e-02,6.361773917890389818e-02,1.175758884487278361e-01,1.439679413011385190e-01,1.445471782877514322e-01,1.251689466790753269e-01,9.369869788142544398e-02,5.810791694715643912e-02,2.506895013994341406e-02,-8.334637840330577684e-04,-1.731119341848805573e-02,-2.413676370839186111e-02,-2.263625595308147928e-02,-1.507822708218746650e-02,-4.090493032905128876e-03,7.810603275841811362e-03,1.853992793482320267e-02,2.661076273651493199e-02,3.117247615616683398e-02,3.195395005492018131e-02,2.915047856355519260e-02,2.328763331996501484e-02,1.508789749210415372e-02,5.357320014836667102e-03,-5.098089483755206125e-03,-1.552173416923147836e-02,-2.521890086559407107e-02,-3.352625350851665825e-02,-3.971938666046286037e-02,-4.280849468921145429e-02,-4.112828014196624749e-02,-3.184267883998184029e-02,-1.328603254644907493e-02
8.489295767251764380e-01,6.256672943138863463e-01,7.401319202242392925e-02,-5.148100674571716162e-01,-8.315337002828300239e-01,-7.123337438122888665e-01,-2.234514325799110412e-01,3.768475548755487736e-01,7.764932940554384322e-01,7.728740102932661893e-01,3.749224709133413547e-01,-2.071934985339054791e-01,-6.753887832110995193e-01,-7.976004111356203019e-01,-5.220135250099187108e-01,4.295756207425779211e-03,5.165914978268771884e-01,7.674782204886703152e-01,6.458826782822087997e-01,2.230712379818412250e-01,-2.913768526532423131e-01,-6.559478370448884599e-01,-7.108853120910507695e-01,-4.456727408736381735e-01,6.654035132553030168e-03,4.390609059583035489e-01,6.666960350013536596e-01,6.046508039924436417e-01,2.955108025516828274e-01,-1.195475297555666505e-01,-4.675068761281887531e-01,-6.160240372186981395e-01,-5.215608303296574988e-01,-2.370769511572578814e-01,1.183339254145528152e-01,4.109479735920515409e-01,5.426387811840812647e-01,4.814815293321331735e-01,2.646700132952079509e-01,-2.291480152089987385e-02,-2.830937110710948779e-01,-4.379057317608338051e-01,-4.512983873092364928e-01,-3.340769935070430074e-01,-1.336199318027470606e-01,8.558616370646798810e-02,2.629379365312886629e-01,3.577487450425475002e-01,3.567326650875236593e-01,2.726370480713068978e-01,1.363033611505542475e-01,-1.427743724485443060e-02,-1.443912066796170235e-01,-2.299860516421484702e-01,-2.609106663193554998e-01,-2.402267900198043482e-01,-1.807249205291190652e-01,-1.001443221229592062e-01,-1.649661577664489689e-02,5.551592530292255578e-02,1.065175518441614649e-01,1.329162380227675577e-01,1.361361426162313593e-01,1.211171121235740111e-01,9.457610609087720166e-02,6.342424141241949365e-02,3.358369798322714816e-02,9.298445759922845805e-03,-7.087204633263553301e-03,-1.498405119977778976e-02,-1.518119072995149747e-02,-9.367746057215227060e-03,3.411789187598235698e-04,1.180350453445252849e-02,2.313827313155547225e-02,3.289584061912134011e-02,4.012320050743961586e-02,4.434852713962825904e-02,4.551254849505901451e-02,4.387255182372491041e-02,3.989994346474577680e-02,3.418624578211554299e-02,2.736664213045129565e-02,2.006564382052093004e-02,1.286688609814947738e-02,6.309399024110275665e-03,9.175570300680392557e-04,-2.719915404191898967e-03,-3.848917562217613920e-03,-2.007845809196384668e-03
8.489295767251764380e-01,6.307239431219519021e-01,8.896205645547747287e-02,-4.968009002257267603e-01,-8.258162419437602431e-01,-7.315919018155959686e-01,-2.660820954488726797e-01,3.300692520889630943e-01,7.536563956040123191e-01,7.942112274783800219e-01,4.381196943798031374e-01,-1.298432888657276574e-01,-6.246500377167741869e-01,-8.055071841827969870e-01,-5.925638439284109937e-01,-9.943637215045909861e-02,4.299637235268533586e-01,7.441246917913527659e-01,7.034184610202302013e-01,3.396267532841941161e-01,-1.683767694228057166e-01,-5.852327814657909411e-01,-7.290355407906001783e-01,-5.489639477117626010e-01,-1.385405137018735633e-01,3.154644189681062305e-01,6.199714514460257231e-01,6.573245666974615320e-01,4.276885267742605023e-01,3.871190444114753354e-02,-3.472821546341142707e-01,-5.822021845175328059e-01,-5.878486905744260138e-01,-3.783184541074844920e-01,-4.499049326983883823e-02,2.851213406523063210e-01,4.985183640712485542e-01,5.330219384617999046e-01,3.925894872834002070e-01,1.376224200644874107e-01,-1.419771242764092112e-01,-3.591855922157277670e-01,-4.562415394945052993e-01,-4.177379653000321547e-01,-2.687967769417220487e-01,-6.167744643330589499e-02,1.429963915729194901e-01,2.939178614566781422e-01,3.609377750418510944e-01,3.390375661196469159e-01,2.450551486360070808e-01,1.096061815106910975e-01,-3.266665578290663119e-02,-1.517150913103494925e-01,-2.277587651472371688e-01,-2.533810316209591518e-01,-2.324415837501757065e-01,-1.768443399804124627e-01,-1.024121108566687227e-01,-2.497765491318063025e-02,4.255470233348046527e-02,9.184250821427449030e-02,1.194667811597831947e-01,1.263037652173256975e-01,1.163022073615509744e-01,9.505876272793567505e-02,6.850381363759573683e-02,4.189431354948494612e-02,1.919435744334451258e-02,2.830942223875461926e-03,-6.247963918528590468e-03,-8.313335323304636357e-03,-4.494141587726885496e-03,3.599855952391980713e-03,1.421187531584521685e-02,2.569479292760581610e-02,3.667944101051733019e-02,4.615958146951654184e-02,5.350847899929426360e-02,5.844615295377340175e-02,6.097621236440700643e-02,6.130813631366681393e-02,5.977612925592619419e-02,5.675982795714070578e-02,5.260468177217416524e-02,4.752833949734122654e-02,4.147848926912471590e-02,3.388011807571793266e-02,2.333994270632728726e-02,9.071515917529910170e-03
8.489295767251764380e-01,6.358565757360723492e-01,1.042591546721581552e-01,-4.779715761600222823e-01,-8.188763504635945267e-01,-7.498491040541911401e-01,-3.090200028358328632e-01,2.807789368244315575e-01,7.263178609406891750e-01,8.108888538497108778e-01,4.994189871512215717e-01,-4.919947637274782459e-02,-5.653328356425435519e-01,-8.026961418982532237e-01,-6.557099853620936836e-01,-2.041934659045127887e-01,3.322071806871457755e-01,7.030729298864512034e-01,7.445590465641684919e-01,4.498371974005141993e-01,-3.656255890036889944e-02,-4.923093743364778119e-01,-7.202979760151446698e-01,-6.328913657735728560e-01,-2.820259905532417344e-01,1.729211284580508823e-01,5.398260491211680501e-01,6.753728179657436659e-01,5.389411524372462736e-01,1.998520584269530276e-01,-1.996392758437281478e-01,-5.057623884405899606e-01,-6.122330880815998189e-01,-4.946591128998079623e-01,-2.107277151061879572e-01,1.292093341500206716e-01,4.063698088650264939e-01,5.348149291158276197e-01,4.859439760441728318e-01,2.905414955054294035e-01,2.131880863841869797e-02,-2.351495255139006146e-01,-4.063850517216121561e-01,-4.532195086150676566e-01,-3.760366948987317604e-01,-2.086184884734813838e-01,-3.748296216976163952e-03,1.837498721539187196e-01,3.113573372891386692e-01,3.572882933116744431e-01,3.220538339193232402e-01,2.242585895591614198e-01,9.296084491776349101e-02,-4.076843868424718381e-02,-1.509066752887569807e-01,-2.208633519187030714e-01,-2.448533373726874129e-01,-2.267059937038995165e-01,-1.770124063427956085e-01,-1.096318874330149962e-01,-3.843391099753985796e-02,2.514321662248091005e-02,7.346745990595106302e-02,1.030564065906949683e-01,1.141133983881066627e-01,1.095672202564421938e-01,9.392457464545422852e-02,7.218443398646447184e-02,4.897601626683281695e-02,2.799357114947602365e-02,1.172851694950158459e-02,1.450681740214537557e-03,-2.633972827904357966e-03,-1.125937901515851802e-03,4.857808940149753972e-03,1.395614928727417076e-02,2.478724448362680521e-02,3.610876672908089335e-02,4.691383263196266529e-02,5.647012085430032358e-02,6.431391154372917418e-02,7.021137572691985018e-02,7.409699389988499973e-02,7.599351619431139737e-02,7.590786087648160319e-02,7.367778540879242610e-02,6.870448756842199856e-02,5.945235567200759380e-02,4.285560460163741203e-02,1.714896101711431767e-02
8.489295767251764380e-01,6.410593745984283220e-01,1.198924376462335573e-01,-4.583152878302588218e-01,-8.106457284071347802e-01,-7.669502106250531970e-01,-3.520622900601843019e-01,2.290996031872650218e-01,6.943432622217211581e-01,8.223982622909179474e-01,5.580174499299100921e-01,3.398328667058584523e-02,-4.976321507754880025e-01,-7.883855317807216823e-01,-7.096927081117577751e-01,-3.078372224949800229e-01,2.247726052519957440e-01,6.440212845739484715e-01,7.668110382135476799e-01,5.496475794953952221e-01,1.001038774767330497e-01,-3.789943422559315378e-01,-6.828829693318079208e-01,-6.920735308672719688e-01,-4.166130691492823668e-01,1.742163902987870286e-02,4.280583524287593922e-01,6.548298368362388544e-01,6.203118939714633573e-01,3.530009913350308226e-01,-3.306301687223171110e-02,-3.889820561696277768e-01,-5.890829175255190009e-01,-5.738433467988476311e-01,-3.639722864151355153e-01,-4.452812460795969873e-02,2.711157531809514354e-01,4.821018996697645775e-01,5.312092267773893539e-01,4.174856454265240546e-01,1.892721335466436838e-01,-7.693029767903243610e-02,-3.027974361679725557e-01,-4.308419498035794826e-01,-4.373623377537529389e-01,-3.337446780089813325e-01,-1.579713741788905668e-01,3.940918770980871011e-02,2.099723308619300954e-01,3.187832283881293360e-01,3.502385686098701267e-01,3.081243634437698664e-01,2.111571714883754836e-01,8.608782655398899974e-02,-3.947619993962523527e-02,-1.428486364976068457e-01,-2.097137052785532640e-01,-2.350833777874807018e-01,-2.221889337350783089e-01,-1.800601577785507501e-01,-1.206128773293324435e-01,-5.593694399684896734e-02,3.759036339284337926e-03,5.134850596478885559e-02,8.315510212460953954e-02,9.865757648746159569e-02,9.977008709162482614e-02,8.993922461852142669e-02,7.325695094455456080e-02,5.372451062655246579e-02,3.473558382292599167e-02,1.879046022493198465e-02,7.413259286580741944e-03,1.222259991120628339e-03,9.671791744161564080e-05,3.387857120612916117e-03,1.013242651115590920e-02,1.924031834434638752e-02,2.964033903476631995e-02,4.037851163410419858e-02,5.067043458896165753e-02,5.991299755703637792e-02,6.766111082562481505e-02,7.357152829569983676e-02,7.730620505872380643e-02,7.836583062175689340e-02,7.577756539807001257e-02,6.749671634290618782e-02,4.969249835024362044e-02,2.014260077233779103e-02
8.489295767251764380e-01,6.463263987210813299e-01,1.358489826900053932e-01,-4.378275747767176318e-01,-8.010585531219065469e-01,-7.827371033185517302e-01,-3.949892750576097233e-01,1.751889838701556346e-01,6.576405973222799739e-01,8.282514952077617565e-01,6.130715684909753271e-01,1.188241211107694678e-01,-4.219329494613507925e-01,-7.619640426827458679e-01,-7.527800807767728308e-01,-4.080113879169432467e-01,1.095758319948036963e-01,5.672318019774055253e-01,7.680678156608086171e-01,6.349214713751761829e-01,2.369663836956292791e-01,-2.482752949883613725e-01,-6.162121397294769709e-01,-7.217836671824539030e-01,-5.347163802089274220e-01,-1.434827756913128194e-01,2.887753222378855456e-01,5.939169013897691585e-01,6.638992378390108362e-01,4.864930269081824132e-01,1.412675596073273143e-01,-2.379860419622607248e-01,-5.164159879225583838e-01,-6.055834463524562006e-01,-4.890712453575867813e-01,-2.202374847155137705e-01,1.032041057902128578e-01,3.758658386076965674e-01,5.188569959328642733e-01,5.008095362565930797e-01,3.412187659438080112e-01,9.797760963671964252e-02,-1.544504688204614562e-01,-3.481415398037561726e-01,-4.392067134035384512e-01,-4.157793178657586131e-01,-2.960991849082735272e-01,-1.191365684305207978e-01,6.829683607292752479e-02,2.239351188039360452e-01,3.189604713798715463e-01,3.420056014238710418e-01,2.983860066995276950e-01,2.058134713445411434e-01,8.836611955427925436e-02,-2.955121485429529349e-02,-1.279614849470052940e-01,-1.941075804430111018e-01,-2.232039053255342187e-01,-2.175167404775755209e-01,-1.843829567972196937e-01,-1.338190944673007532e-01,-7.626896220706785856e-02,-2.085515005625225571e-02,2.569918846432001081e-02,5.948180468594237158e-02,7.925611014043736080e-02,8.595727523372327650e-02,8.200555793774155777e-02,7.059565643648262057e-02,5.507550812117129740e-02,3.847853383299587593e-02,2.322978141505567182e-02,1.101408398009092252e-02,2.774655438454332740e-03,-1.197759760307368559e-03,-1.124702117934735755e-03,2.417582369318336481e-03,8.647981520827888527e-03,1.670634806515497450e-02,2.574673863421277423e-02,3.499503179670696712e-02,4.377068236792133055e-02,5.147152765713818717e-02,5.751398644031039536e-02,6.120323089256341637e-02,6.146785235828895050e-02,5.633751694849352398e-02,4.231501001158521902e-02,1.735692264513315555e-02
8.489295767251764380e-01,6.516515889152482144e-01,1.521149756068805037e-01,-4.165064969802899641e-01,-7.900520111750354291e-01,-7.970495865151945303e-01,-4.375650363398122522e-01,1.192409777519661401e-01,6.161657925441943462e-01,8.279914033072649504e-01,6.637085630645915835e-01,2.043199955689549430e-01,-3.388243143617746811e-01,-7.230295084852405019e-01,-7.833239081421972116e-01,-5.021911784799467648e-01,-1.100755006704685207e-02,4.736007975877320475e-01,7.467587776607002015e-01,7.016253312220316340e-01,3.688076113659711774e-01,-1.043268629057551161e-01,-5.211423335899143527e-01,-7.183526086488072337e-01,-6.288029332206481747e-01,-3.009693342819918516e-01,1.284577022883176822e-01,4.935485770953790263e-01,6.637095492805812347e-01,5.887886229061506382e-01,3.100845770889202324e-01,-6.279420747923675217e-02,-3.967403104217135934e-01,-5.830398260547812184e-01,-5.713030858793123334e-01,-3.797507736134188572e-01,-8.172128387526232662e-02,2.237411389243679216e-01,4.453947828082762128e-01,5.262351379295414633e-01,4.558417182396699574e-01,2.672252837556478022e-01,2.171837147291426004e-02,-2.116647051834080195e-01,-3.756038449718107075e-01,-4.374924248106484281e-01,-3.938049783308262830e-01,-2.663441050771078178e-01,-9.293879954213349337e-02,8.395646012456982332e-02,2.275510923854288936e-01,3.136936404553650193e-01,3.336448782307135930e-01,2.929636758362004767e-01,2.076391148417187360e-01,9.894017275758305863e-02,-1.163641556294457355e-02,-1.063162584531337218e-01,-1.733852137911097158e-01,-2.078700519412182701e-01,-2.108591124614522250e-01,-1.879426513438106627e-01,-1.472853933249158864e-01,-9.776645424102346771e-02,-4.748442381937481582e-02,-2.774205424187775257e-03,3.224911801941617029e-02,5.569718016627187018e-02,6.759389844855483165e-02,6.937996564190339333e-02,6.336154587902921576e-02,5.219798301839253390e-02,3.848779411392400790e-02,2.447923738713883926e-02,1.190575778786415531e-02,1.929283851435528154e-03,-4.834695774030358870e-03,-8.238685494780661686e-03,-8.497467550617768262e-03,-6.076300981112513905e-03,-1.588396240153510525e-03,4.288402764570909374e-03,1.086987657889606530e-02,1.749459999741920235e-02,2.351810406655123128e-02,2.825722337313800459e-02,3.084744906701362976e-02,2.994399680374201095e-02,2.335681622923008530e-02,9.789175121714007582e-03
8.489295767251764380e-01,6.570287733502492289e-01,1.686756958031980225e-01,-3.943528036835692308e-01,-7.775668502291683826e-01,-8.097263895415949264e-01,-4.795382440879213393e-01,6.148671287239386440e-02,5.699280332364484725e-01,8.212024213001156703e-01,7.090398499844654534e-01,2.893534521890780975e-01,-2.491097057414398963e-01,-6.714265477460268361e-01,-7.998216594624047993e-01,-5.877469315429904029e-01,-1.341680682020746640e-01,3.647113570975282215e-01,7.019963974024836517e-01,7.460387260863273751e-01,4.900384578505969091e-01,4.754557098283999916e-02,-4.001326981223633505e-01,-6.795692273569865494e-01,-6.919203099376630695e-01,-4.453919970897097791e-01,-4.416839221480307193e-02,3.576899482175233680e-01,6.164924924691509434e-01,6.495646833216544014e-01,4.589835729251799390e-01,1.230614431261075337e-01,-2.375364979066312554e-01,-5.041812144243392746e-01,-5.987883947887057134e-01,-5.044495480756324701e-01,-2.639545989078829757e-01,4.014103490578093542e-02,3.149262014954906097e-01,4.855565441458352671e-01,5.143217601675443840e-01,4.062872254661969440e-01,2.021441748494282875e-01,-3.751649032102010589e-02,-2.506722145606595231e-01,-3.896326551512723779e-01,-4.304845287745918680e-01,-3.750230470023883100e-01,-2.461725576824519146e-01,-7.932739173651841280e-02,8.748832932187607103e-02,2.221165739723072463e-01,3.037944688950969807e-01,3.251612206627909618e-01,2.911131089902044833e-01,2.154766745485137969e-01,1.166933623581402485e-01,1.360982168194231970e-02,-7.783876652154866904e-02,-1.466515606623156054e-01,-1.874497776379728808e-01,-2.000524054409764385e-01,-1.883067929711277066e-01,-1.585720748773691846e-01,-1.182007589069528491e-01,-7.426405138483063717e-02,-3.265353381536243577e-02,2.409205793558081860e-03,2.849806473722676925e-02,4.482994037466651177e-02,5.193682620843650261e-02,5.125936282601258054e-02,4.473987024613320512e-02,3.446843052613761393e-02,2.241132303529895856e-02,1.023072306313446873e-02,-8.102193590681994791e-04,-9.871789358650309709e-03,-1.651041760412798320e-02,-2.061864777564235973e-02,-2.234900884658266515e-02,-2.203487525063600738e-02,-2.011750796939739544e-02,-1.708489438926150475e-02,-1.342514578437442596e-02,-9.595341301595148448e-03,-6.006096705198898239e-03,-3.022547389116717140e-03,-9.752592013687115492e-04,-8.673846008772998092e-05
8.489295767251764380e-01,6.624516734451100231e-01,1.855155045747693132e-01,-3.713700962608745826e-01,-7.635479450240414412e-01,-8.206062682713964884e-01,-5.206432579884870959e-01,2.195186894948277824e-03,5.189947966487367115e-01,8.075218168479774139e-01,7.481765549732716236e-01,3.727042860937390678e-01,-1.538124316356408450e-01,-6.072815832780786849e-01,-8.009822844618024185e-01,-6.620215646860450054e-01,-2.567111060437461401e-01,2.428617080627938074e-01,6.337122190686221845e-01,7.649823134925416435e-01,5.949421745956896546e-01,2.010448712367847723e-01,-2.573305819609669753e-01,-6.050451883494152305e-01,-7.182755154417241883e-01,-5.668814079447673793e-01,-2.184829935627484176e-01,1.934953753230454487e-01,5.224648367799841209e-01,6.608892325072674989e-01,5.736873355967989641e-01,3.034011967135511467e-01,-5.123396327444532800e-02,-3.728090445512208251e-01,-5.644125212330612928e-01,-5.775748635504852624e-01,-4.216854669829694369e-01,-1.546107088442238708e-01,1.398489043578231839e-01,3.789311752298666347e-01,5.037436269444509618e-01,4.921045090944524136e-01,3.594748306835870988e-01,1.497734628024271486e-01,-7.968557298099843145e-02,-2.741392044864756072e-01,-3.939803232838535729e-01,-4.215285372263614105e-01,-3.614700279846175257e-01,-2.361367405954424015e-01,-7.777876412653322857e-02,7.979577903600296174e-02,2.082417878994791971e-01,2.891526083562325766e-01,3.156308760052387585e-01,2.913048094221523110e-01,2.275855952085196476e-01,1.401172249402796444e-01,4.528414679526337333e-02,-4.259726344693544331e-02,-1.130746955689573563e-01,-1.602913139830668965e-01,-1.828069819132241702e-01,-1.827806561200659707e-01,-1.648179230066317280e-01,-1.347562290848747513e-01,-9.859105207640418700e-02,-6.166376528984764821e-02,-2.815513755651468178e-02,-8.687026964397350426e-04,1.874994401222247059e-02,3.042940099101787768e-02,3.479677595702084653e-02,3.307255540747931766e-02,2.678280423283710757e-02,1.751840492955272430e-02,6.755627024986646592e-03,-4.259796510123899441e-03,-1.457115988145227248e-02,-2.352250765483689457e-02,-3.073581182709951912e-02,-3.606508709420014336e-02,-3.953650060847321845e-02,-4.127959116004031870e-02,-4.144853846714945111e-02,-4.012142513874828592e-02,-3.714407784323166956e-02,-3.185639511027398008e-02,-2.277375135762853275e-02,-9.060437709625432379e-03
8.489295767251764380e-01,6.679139100945072904e-01,2.026178367755500087e-01,-3.475649837896566674e-01,-7.479448736935462305e-01,-8.295292022420258649e-01,-5.606015026472483953e-01,-5.832657163765740671e-02,4.634964519383939496e-01,7.866512144815603902e-01,7.802469481529296091e-01,4.530653960191395324e-01,-5.417542681919658432e-02,-5.310335309918021718e-01,-7.857938404137315702e-01,-7.224206521493975464e-01,-3.751300458465675614e-01,1.110636619952289073e-01,5.427718578975343489e-01,7.560525347557993658e-01,6.779670050807707904e-01,3.491098343423003070e-01,-9.855354210704783680e-02,-4.965066321511412695e-01,-7.038238335869665407e-01,-6.560719352238085778e-01,-3.825591435966321785e-01,1.116753012223612590e-02,3.858185491984397752e-01,6.183624291355920288e-01,6.415361803344025171e-01,4.607410548162070296e-01,1.454309400671609798e-01,-1.990249467280851003e-01,-4.674808120347890283e-01,-5.867340607032177635e-01,-5.336624894492618676e-01,-3.362379035445661746e-01,-5.963894800722988054e-02,2.162453787328116883e-01,4.201867817675387085e-01,5.072306867087625903e-01,4.667233192684758225e-01,3.202600516732821423e-01,1.118597397599575549e-01,-1.057386445248827134e-01,-2.845438493947538561e-01,-3.913331327409871330e-01,-4.125343836256523122e-01,-3.538739181741678008e-01,-2.359421276689774583e-01,-8.750499311220351351e-02,6.152600166515084790e-02,1.859266823094762322e-01,2.688802517158210281e-01,3.033323767206891342e-01,2.912725437213296575e-01,2.415707474985286929e-01,1.671163539511041907e-01,8.194219842500372053e-02,-1.162255698531920733e-03,-7.226929953234018100e-02,-1.250953386256556110e-01,-1.570419103469554989e-01,-1.686873838086202504e-01,-1.629561141713639638e-01,-1.441774782582485037e-01,-1.172020050726577667e-01,-8.668351774838350954e-02,-5.657894499258728921e-02,-2.987035985547679615e-02,-8.481090900305030336e-03,6.660240162996978325e-03,1.545938181160413580e-02,1.844786801900082096e-02,1.656525798092588903e-02,1.096007490286544060e-02,2.826276165662586475e-03,-6.717299973225063399e-03,-1.670406218755944236e-02,-2.635734419336650119e-02,-3.509458184664478175e-02,-4.250358009984606111e-02,-4.829347293126137752e-02,-5.221585033289025124e-02,-5.393588948071167954e-02,-5.280014519319479321e-02,-4.740194010573253736e-02,-3.506562538826685921e-02,-1.424998514251749233e-02
8.489295767251764380e-01,6.734090102294529867e-01,2.199651960661859473e-01,-3.229472299389239964e-01,-7.307125002209612363e-01,-8.363376819528210993e-01,-5.991231281363770256e-01,-1.197338753784844279e-01,4.036302850214660842e-01,7.583681624201819016e-01,8.044155952551268474e-01,5.290629165144994372e-01,4.834548855563562675e-02,-4.434583440510336261e-01,-7.535904105890905980e-01,-7.665130738212352357e-01,-4.857042788125654487e-01,-2.699398168171033771e-02,4.310584796483862280e-01,7.178492732019660094e-01,7.340562832163123330e-01,4.842316023125378677e-01,6.885119955434899908e-02,-3.579738802202323544e-01,-6.468169586386133263e-01,-7.049124709549979828e-01,-5.239744126036343097e-01,-1.765066214416718959e-01,2.149105081611052404e-01,5.220816793949726309e-01,6.530682045734444996e-01,5.780444605687392601e-01,3.327236562785568785e-01,1.050112450290011188e-03,-3.147981450474613974e-01,-5.262574143666941540e-01,-5.822914760217406949e-01,-4.794809885835557561e-01,-2.574162050765446685e-01,1.708486699277467213e-02,2.708374449712722676e-01,4.437843266917481100e-01,5.022038654000418045e-01,4.432925073402586569e-01,2.914750526817002640e-01,8.883901770457786062e-02,-1.169198624472031628e-01,-2.837366077995752134e-01,-3.831806829318357699e-01,-4.040767574960359432e-01,-3.518452805128086669e-01,-2.445962953921103078e-01,-1.074806297753621159e-01,3.317757201522022331e-02,1.547600574749697921e-01,2.415315024145219536e-01,2.859137466717773246e-01,2.880747116688762710e-01,2.543116217848189198e-01,1.948051594950176713e-01,1.212815214518316587e-01,4.499105099448711537e-02,-2.475366574489425847e-02,-8.139810005768687018e-02,-1.213700005555873596e-01,-1.438349170963790780e-01,-1.501464417120401407e-01,-1.431531358010981470e-01,-1.264974861173155385e-01,-1.040029971277793286e-01,-7.920415473281891550e-02,-5.503772655859057172e-02,-3.368659133682037204e-02,-1.655009700498628195e-02,-4.306941737936054171e-03,2.964245706132084563e-03,5.637458764673767588e-03,4.389275127011265862e-03,6.320101971910942250e-05,-6.441389451739128365e-03,-1.425092460025561072e-02,-2.256874697914393324e-02,-3.069600526061366449e-02,-3.802143646797159771e-02,-4.397348013282558615e-02,-4.791356866999103153e-02,-4.891676365510872621e-02,-4.534028176394004628e-02,-3.430434961728916210e-02,-1.412904576594449686e-02
8.489295767251764380e-01,6.789304137117145865e-01,2.375391539288252418e-01,-2.975298897637819739e-01,-7.118115584242186156e-01,-8.408780793321186664e-01,-6.359089594546853963e-01,-1.816453336378059946e-01,3.396638014021387542e-01,7.225374784424563046e-01,8.199039393371183593e-01,5.992806137778217135e-01,1.520955821765209992e-01,-3.456855613033455454e-01,-7.041153992913870008e-01,-7.921392910184003044e-01,-5.846212440997058390e-01,-1.670210063889701613e-01,3.015142822572878245e-01,6.501805138589742405e-01,7.589998259077291864e-01,5.988516051417605013e-01,2.362817361149057160e-01,-1.957923196916073194e-01,-5.482526056769435607e-01,-7.074992174383475385e-01,-6.308090339724796713e-01,-3.549582852617361728e-01,2.204662651442888463e-02,3.772779337206706995e-01,6.035081864519346029e-01,6.407360921799547526e-01,4.898478403814199855e-01,2.064265900648679375e-01,-1.208815678444155606e-01,-3.989955567811532822e-01,-5.567503464147803838e-01,-5.617909150491597892e-01,-4.246771053685186037e-01,-1.910050524357729540e-01,7.448453294190827967e-02,3.063665097267841975e-01,4.544067269675512444e-01,4.933128010857492085e-01,4.250385832550616638e-01,2.744227456708844270e-01,8.040496614297661104e-02,-1.143423531163524631e-01,-2.727508018999360018e-01,-3.698353284856340517e-01,-3.955210153508303961e-01,-3.539900648074765788e-01,-2.604190105056293780e-01,-1.363139959991110650e-01,-4.649351797599266499e-03,1.142371412101774591e-01,2.054188386735572303e-01,2.606446991277115988e-01,2.782365774403225966e-01,2.619701594095977804e-01,2.193757072416465670e-01,1.598771691706116771e-01,9.310150986156084940e-02,2.757104864143913869e-02,-3.012859444555410909e-02,-7.571218471266930039e-02,-1.071661167006598414e-01,-1.244389680421233851e-01,-1.289706913304423941e-01,-1.231670063360384981e-01,-1.099011005425654941e-01,-9.209622710837755966e-02,-7.241586098950686390e-02,-5.306617678763216744e-02,-3.570020422830515183e-02,-2.140405940388525122e-02,-1.074215761143017776e-02,-3.838855443135386850e-03,-4.770449774385685958e-04,-1.984994847867925895e-04,-2.395193612260523418e-03,-6.384613826738960198e-03,-1.146463290187337870e-02,-1.694417153624874078e-02,-2.214333448024556616e-02,-2.634797517813958906e-02,-2.868268993642029627e-02,-2.783656321675152812e-02,-2.172514839262755168e-02,-9.110360629393949791e-03
8.489295767251764380e-01,6.844714805595730756e-01,2.553203526215317432e-01,-2.713294349799045824e-01,-6.912092324755002570e-01,-8.430020926315132668e-01,-6.706527344294267445e-01,-2.436444356410202017e-01,2.719371587220050235e-01,6.791220825187205268e-01,8.260119448272754683e-01,6.622883794624437881e-01,2.552429591750899340e-01,-2.392050521062850654e-01,-6.375779730873963880e-01,-7.975234008826087573e-01,-6.681201515994102946e-01,-3.042425909048477317e-01,1.581303186546209050e-01,5.542266042306172036e-01,7.497856104366887875e-01,6.858256294464996072e-01,3.942933371760111161e-01,-1.848391786415327920e-02,-4.121653283371822241e-01,-6.608529331102687143e-01,-6.927632074118490468e-01,-5.089563355378861065e-01,-1.771957440821491370e-01,1.944785062757193594e-01,4.939542518776484092e-01,6.387589075781624492e-01,5.973652449147018872e-01,3.932791971185481961e-01,9.291173476893344052e-02,-2.171450521044551440e-01,-4.555957573208325173e-01,-5.672534973412095560e-01,-5.342352816641807722e-01,-3.760177197560463092e-01,-1.400620152135882146e-01,1.131080681803349197e-01,3.257577719930787596e-01,4.557135892791522869e-01,4.835556914543158169e-01,4.135540864136117434e-01,2.692793028646212616e-01,8.585775225561267932e-02,-9.880921567725391153e-02,-2.518058259561175571e-01,-3.505499713354720548e-01,-3.851524173878395074e-01,-3.579554657190276434e-01,-2.809472114314099378e-01,-1.720006489768906577e-01,-5.088446644799045349e-02,6.419622521763680700e-02,1.590564390076886214e-01,2.248109211818198061e-01,2.580524496828039416e-01,2.601719106538463722e-01,2.361410679377913269e-01,1.930793906120064352e-01,1.388724675484089843e-01,8.102730950609687843e-02,2.586203049159541134e-02,-2.194952739663990487e-02,-5.951450318691991342e-02,-8.560935075080294832e-02,-1.004032622958854759e-01,-1.050972234944257122e-01,-1.015459395408152138e-01,-9.191158551180425573e-02,-7.837936696103429968e-02,-6.294813560328371693e-02,-4.729634915352493030e-02,-3.271495358151030319e-02,-2.009399305675060865e-02,-9.948169982167381908e-03,-2.467264341962743541e-03,2.420627273108222517e-03,4.982440071366141601e-03,5.616892652742575334e-03,4.799392693836740213e-03,3.038753307348033249e-03,8.498732064900517413e-04,-1.250326853650015431e-03,-2.711457741923742944e-03,-2.899002091077102806e-03,-1.404716199831632659e-03
8.489295767251764380e-01,6.900254985010471076e-01,2.732885122309074988e-01,-2.443658662887599198e-01,-6.688797286025333078e-01,-8.425682552490076915e-01,-7.030436248980966862e-01,-3.052817987129085586e-01,2.008645830019926692e-01,6.281930002277311686e-01,8.221403536384965793e-01,7.166744926240621316e-01,3.558084155543065896e-01,-1.258622853211247006e-01,-5.546992145551473685e-01,-7.813842731569172750e-01,-7.326533989848244000e-01,-4.335574817012851079e-01,5.876686856259353241e-03,4.326463543359437836e-01,7.049266389650699072e-01,7.389300292734470865e-01,5.331378713383269075e-01,1.636003180266885071e-01,-2.457018318408908664e-01,-5.655526638413608254e-01,-7.022979998478876551e-01,-6.239794820144524135e-01,-3.651168829627183254e-01,-1.091717358373351689e-02,3.320462171490378700e-01,5.683990541468018076e-01,6.398465495654585000e-01,5.377338658181901598e-01,3.004268189396236410e-01,-1.762527253760180464e-03,-2.883033354673606441e-01,-4.900851994299277314e-01,-5.653132334239857615e-01,-5.064383122035079898e-01,-3.377618423278528348e-01,-1.057839272233061095e-01,1.341968149497626273e-01,3.314473582035517008e-01,4.500580946251421244e-01,4.743369006099242280e-01,4.090381734961121007e-01,2.753408848036902890e-01,1.042312111616839204e-01,-7.084825057789467806e-02,-2.204681745554653571e-01,-3.237217419599104917e-01,-3.703279268184572759e-01,-3.604547812551295305e-01,-3.027936641526215444e-01,-2.116143018579854929e-01,-1.035385307270612343e-01,5.361984200006911401e-03,1.017472575589890987e-01,1.762964709527453377e-01,2.241209885954381642e-01,2.444583553141570220e-01,2.398742650848474101e-01,2.152133524983884660e-01,1.765108844964167478e-01,1.300238452334772643e-01,8.147794342108530263e-02,3.556926612659551401e-02,-4.286603688821459014e-03,-3.599596052795305673e-02,-5.867270119602575190e-02,-7.242581295643278627e-02,-7.810079013434761963e-02,-7.701676151444566965e-02,-7.072874558652350596e-02,-6.083244479928755222e-02,-4.881881431427750884e-02,-3.597799615133562973e-02,-2.334721027434899857e-02,-1.169457258531151483e-02,-1.530105395930852694e-03,6.864077120988711783e-03,1.339068059961462213e-02,1.808486089125221560e-02,2.105218306349642202e-02,2.238944839206555987e-02,2.206712005144679384e-02,1.973344935469769842e-02,1.448962318918103377e-02,5.851383154864449321e-03
8.489295767251764380e-01,6.955856908492341617e-01,2.914224419651093578e-01,-2.166628113346004136e-01,-6.448048322999375692e-01,-8.394434962265820976e-01,-7.327690309287014925e-01,-3.660781095872279733e-01,1.269346288147851498e-01,5.699382034898075045e-01,8.078130245128878340e-01,7.610811436385920281e-01,4.517034573841206546e-01,-7.840687707573991416e-03,-4.567444962318022439e-01,-7.430403428392783338e-01,-7.750599942126813469e-01,-5.497350749639472456e-01,-1.494322786302040573e-01,2.896081936449773631e-01,6.247351045159876826e-01,7.533778940729087825e-01,6.434080703554196923e-01,3.388313059213794998e-01,-5.893471243461870235e-02,-4.261354876348597553e-01,-6.556814934507964043e-01,-6.877321225306826102e-01,-5.234661807286200563e-01,-2.197073393924159623e-01,1.319260146039362147e-01,4.335766982293191574e-01,6.084073119740871505e-01,6.191275279277355104e-01,4.738275672713927467e-01,2.192154266082671776e-01,-7.525231608925367355e-02,-3.369689841826741250e-01,-5.080001636751837468e-01,-5.569688725227590620e-01,-4.830241344890316424e-01,-3.121989110819720636e-01,-8.824318759830990233e-02,1.390551292760739133e-01,3.250273909072555201e-01,4.384212200351573774e-01,4.655890254056910815e-01,4.104596719514716496e-01,2.911010545980537434e-01,1.342188960593858893e-01,-3.093268595820754599e-02,-1.779596232183157101e-01,-2.872016335215025751e-01,-3.477026607960994053e-01,-3.573470904223483013e-01,-3.215457630692707403e-01,-2.510189402979717266e-01,-1.592444555688378172e-01,-6.005345765310664968e-02,3.429084944477932273e-02,1.143603165906395130e-01,1.741511210958169853e-01,2.110815376132572641e-01,2.255495451653824202e-01,2.202242808552891118e-01,1.992348624364560783e-01,1.673883138286962891e-01,1.295068198791908265e-01,8.993270295140344539e-02,5.221371163325391751e-02,1.895474440898234011e-02,-8.194235763226361685e-03,-2.845161643816203345e-02,-4.175658975231694159e-02,-4.859379284897964030e-02,-4.981616633344419093e-02,-4.648417878447786561e-02,-3.973217939390173703e-02,-3.066651381177725247e-02,-2.029551790742416609e-02,-9.488654618690760961e-03,1.039188602503535912e-03,1.072189313272751097e-02,1.911624333592325947e-02,2.585224135646175744e-02,3.054449918067836736e-02,3.262575469482193596e-02,3.103098841513634090e-02,2.381905625348069641e-02,9.881876346530983971e-03
8.489295767251764380e-01,7.011452246929011922e-01,3.097000558113803259e-01,-1.882476068984094142e-01,-6.189744451054802754e-01,-8.335047384418018401e-01,-7.595176324314022454e-01,-4.255277764848547362e-01,5.070915426177096536e-02,5.046699452894730653e-01,7.826987551568901358e-01,7.942425309212374218e-01,5.407762382974178328e-01,1.123699984973022953e-01,-3.455386979850142981e-01,-6.825020878055217954e-01,-7.927436464454451492e-01,-6.476460774316098457e-01,-3.013396701074570472e-01,1.307321239552594327e-01,5.115150289872704148e-01,7.263060694509819726e-01,7.167499329058464319e-01,4.950415748735411681e-01,1.356133050608679669e-01,-2.511794988228427394e-01,-5.538087754555134357e-01,-6.916544831795583548e-01,-6.353212952867774987e-01,-4.105848779501297674e-01,-8.663719753026395687e-02,2.463168498100626602e-01,5.027258390071106531e-01,6.233179599797339376e-01,5.874818114397323265e-01,4.143974720867296124e-01,1.541494425911980604e-01,-1.275612268521755521e-01,-3.664404337928341415e-01,-5.140171241117598155e-01,-5.464616688941368317e-01,-4.666577253302521822e-01,-3.001530511898155562e-01,-8.690032011689399760e-02,1.287122785292515725e-01,3.071400675494236898e-01,4.204844261121348792e-01,4.559079322106038834e-01,4.156322730382895903e-01,3.141816057758597402e-01,1.739338529074092865e-01,2.013605060122089507e-02,-1.236164948528489654e-01,-2.387493354686748004e-01,-3.136039942374986844e-01,-3.438709643130755667e-01,-3.318198756452567788e-01,-2.847238231534516828e-01,-2.129077023997721918e-01,-1.278016489344515061e-01,-4.028192133515089146e-02,4.053587682612062870e-02,1.079972447988144096e-01,1.581368817998770882e-01,1.895260563916683627e-01,2.028582080312836267e-01,2.003937872666812225e-01,1.853696006537484398e-01,1.614522980427291476e-01,1.322869791733990441e-01,1.011652588051101115e-01,7.081558306519025736e-02,4.330342453989079882e-02,2.002013579813540639e-02,1.735779336575477352e-03,-1.130817615204132535e-02,-1.928722471209962097e-02,-2.267967597919584924e-02,-2.216156348866324399e-02,-1.851769854352163652e-02,-1.257228672434110468e-02,-5.139943419824138243e-03,3.003255306930680338e-03,1.112829776475588069e-02,1.853684520331685959e-02,2.450465310751055725e-02,2.814570961745351332e-02,2.812510955280820776e-02,2.230387487049155862e-02,9.427977225867793798e-03
8.489295767251764380e-01,7.066972193939278224e-01,3.280983926625483105e-01,-1.591513639728388552e-01,-5.913870947753325780e-01,-8.246405188499745798e-01,-7.829826768620706812e-01,-4.831032974965125404e-01,-2.717910312014419627e-02,4.328302441941861978e-01,7.466319257928333286e-01,8.150246583313082160e-01,6.208648219803153401e-01,2.320199972536905464e-01,-2.234612049497973763e-01,-6.005459306356176752e-01,-7.838467147513550337e-01,-7.225183762474179927e-01,-4.430120701378262305e-01,-3.706762783868702837e-02,3.696459272266107154e-01,6.571892638260500297e-01,7.465933662885753108e-01,6.204174496890281221e-01,3.237373720942715583e-01,-5.300658380592117302e-02,-4.026651535523383951e-01,-6.322482707101332311e-01,-6.870959261448510436e-01,-5.623514940548104413e-01,-2.999879660520945457e-01,2.618110918536488418e-02,3.321382170104037468e-01,5.455216627980807864e-01,6.221063221712022084e-01,5.534794629857084924e-01,3.652107187154122192e-01,1.072788356704577617e-01,-1.598712715399145667e-01,-3.797647571758561713e-01,-5.114746065003156206e-01,-5.362156833786609900e-01,-4.583239870434132057e-01,-3.013431702716067306e-01,-1.008660316595186984e-01,1.038446912182705295e-01,2.775701706918999867e-01,3.948065874034054068e-01,4.427011870822373796e-01,4.212361971817785156e-01,3.411703841270009030e-01,2.205545627954691168e-01,8.071614399119565741e-02,-5.749974044130099632e-02,-1.766707131541140063e-01,-2.646280377451701304e-01,-3.151403156304402042e-01,-3.276074707519178175e-01,-3.060402841160801413e-01,-2.576420573577727358e-01,-1.912882242236591812e-01,-1.161380292219312826e-01,-4.053168266882359316e-02,2.875479448596139631e-02,8.689358205697085558e-02,1.310739264709071816e-01,1.603303962362283008e-01,1.752148840351618886e-01,1.773922057862192259e-01,1.692254466178433892e-01,1.533991271051746985e-01,1.326096705651822194e-01,1.093361874429543690e-01,8.569170996476178914e-02,6.334617703207266748e-02,4.350744865282109297e-02,2.694476466184189678e-02,1.403952177243084076e-02,4.850196871010635340e-03,-8.190235565784066219e-04,-3.353397297810093141e-03,-3.271304320712794481e-03,-1.179014839033623759e-03,2.261966030110971679e-03,6.352417964907512357e-03,1.034970500457406233e-02,1.341664855991753398e-02,1.448217661622106141e-02,1.205887292755669638e-02,5.238061277356630303e-03
8.489295767251764380e-01,7.122347553816530397e-01,3.465936409957453557e-01,-1.294090144162634015e-01,-5.620504125316676536e-01,-8.127526135672501484e-01,-8.028654759120086304e-01,-5.382603372722157831e-01,-1.060304434011787589e-01,3.549941838268380057e-01,6.996312563049931210e-01,8.224657860340893745e-01,6.898568047186048879e-01,3.481605050297003068e-01,-9.341815166167004303e-02,-4.987633329093404400e-01,-7.474100399086265334e-01,-7.702067496847874173e-01,-5.675626423298931744e-01,-2.058435760172855622e-01,2.055341179093600201e-01,5.481360236799462937e-01,7.288403460588425142e-01,7.044854822106998427e-01,4.905827470472574614e-01,1.530273193758016070e-01,-2.133197643463245752e-01,-5.120276098297723566e-01,-6.704443117551759368e-01,-6.564433834267924261e-01,-4.830987670060421513e-01,-2.014400200547135089e-01,1.154745518426483208e-01,3.921306510507051035e-01,5.685091551539648291e-01,6.122941772494907564e-01,5.232168164426139745e-01,3.296146111246828214e-01,7.910335883472655039e-02,-1.736873627373690943e-01,-3.791847640353684379e-01,-5.021919472997581346e-01,-5.269414081363135161e-01,-4.575489259687339216e-01,-3.145562836337820189e-01,-1.289225945741295232e-01,6.492626077635663129e-02,2.355129949164228020e-01,3.591127454663733398e-01,4.223940178419306468e-01,4.228593713419622757e-01,3.674522864534761624e-01,2.699386559236829908e-01,1.477456179264111102e-01,1.887554732113864639e-02,-1.006433292376934241e-01,-1.985039813212922943e-01,-2.669897508062731850e-01,-3.030433862360312203e-01,-3.077142091343740282e-01,-2.852075193990922242e-01,-2.417594853793712806e-01,-1.845267307269159163e-01,-1.206275761992895990e-01,-5.641477810846087099e-02,2.992361076234723635e-03,5.392936863774940720e-02,9.420138716523378253e-02,1.229450862761433116e-01,1.403941696939894068e-01,1.475997622869547055e-01,1.461470505691947197e-01,1.378977162317200911e-01,1.247760730360938514e-01,1.086067744051043560e-01,9.100420518319132790e-02,7.330837401822616617e-02,5.655908458630264785e-02,4.149898133546207901e-02,2.859626253332802487e-02,1.807897683502334915e-02,9.974496916571540250e-03,4.149724750850832498e-03,3.496412025126919274e-04,-1.766199675323042910e-03,-2.587960353084843741e-03,-2.518356813297486889e-03,-1.932163177162761654e-03,-1.135816620948804740e-03,-3.710465404330701871e-04
8.489295767251764380e-01,7.177508832326420229e-01,3.651611681639279627e-01,-9.905933795378080164e-02,-5.309815709619079005e-01,-7.977576491516449320e-01,-8.188790782241867072e-01,-5.904434892370014065e-01,-1.850836833962699324e-01,2.718707130383807291e-01,6.419159409698986796e-01,8.158163289351761938e-01,7.457539493467999492e-01,4.577188655829262931e-01,4.120987335187147049e-02,-3.795792525395104700e-01,-6.835079680948343839e-01,-7.874623283650631356e-01,-6.684186372926584907e-01,-3.669766819549396542e-01,2.741521251011225582e-02,4.040239411801972991e-01,6.624431250232950541e-01,7.391147836872287158e-01,6.218794713687705311e-01,3.496452414080444826e-01,-1.372956076175858419e-03,-3.399173630654659384e-01,-5.838000625599161220e-01,-6.794777856745324307e-01,-6.126290332660122573e-01,-4.081124859308582487e-01,-1.205557219395965857e-01,1.810275743729572173e-01,4.302060434182487514e-01,5.775375443800884190e-01,5.994715105648588116e-01,5.005146263333708490e-01,3.091439333667785894e-01,6.926456924997625997e-02,-1.703130581657243958e-01,-3.658949499146681994e-01,-4.864772020653360118e-01,-5.177746663076101541e-01,-4.625225523528123661e-01,-3.376393927833473141e-01,-1.693344870477388742e-01,1.257997703401465134e-02,1.800173118121816407e-01,3.107327181175425501e-01,3.907693455855686948e-01,4.151642710750992338e-01,3.871558132798225693e-01,3.163290188893123633e-01,2.162095231067946988e-01,1.017854972517521772e-01,-1.266461336055680134e-02,-1.151980399292716339e-01,-1.971867266468523006e-01,-2.536677749632172962e-01,-2.831682070836351595e-01,-2.871535029280598006e-01,-2.692614910388555494e-01,-2.344689749663255995e-01,-1.883077579128179246e-01,-1.362088550895377559e-01,-8.301620745044592520e-02,-3.267925786587994041e-02,1.188998673519698311e-02,4.882465791311361991e-02,7.721156689304543852e-02,9.693709293192941112e-02,1.085029562554008786e-01,1.128379474307345254e-01,1.111243228438515418e-01,1.046504909397299177e-01,9.469554682211753227e-02,8.244652668338436907e-02,6.894602139613052738e-02,5.506588938394213484e-02,4.150201672280320886e-02,2.878513687407948524e-02,1.730345575435288108e-02,7.334251528643055511e-03,-9.157045540672899189e-04,-7.255293578763573857e-03,-1.142134166060465583e-02,-1.292062468897192153e-02,-1.083953973326548179e-02,-4.697051276665071759e-03
8.489295767251764380e-01,7.232386330228315341e-01,3.837755543367672995e-01,-6.814496837856930112e-02,-4.982076761278749766e-01,-7.795886801745149919e-01,-8.307520793931955083e-01,-6.390926847543052514e-01,-2.635232377282765159e-01,1.843006650990436923e-01,5.739184183899039837e-01,7.945768637748694685e-01,7.867401026896801985e-01,5.575866470416143139e-01,1.766454868859701766e-01,-2.462349487178392138e-01,-5.933477364468392468e-01,-7.721855294868912312e-01,-7.397155141976206050e-01,-5.116276673202393432e-01,-1.549990286745316637e-01,2.324386270765639861e-01,5.498039340789711016e-01,7.194415227226402809e-01,7.052844989413828980e-01,5.191075028743313835e-01,2.141654790970049793e-01,-1.309606037359704045e-01,-4.332886867847768331e-01,-6.254719113267027675e-01,-6.701729712137362016e-01,-5.659733467073009283e-01,-3.444118971668412299e-01,-5.990744160590521367e-02,2.242552819565191147e-01,4.502382377681449221e-01,5.770828269946964850e-01,5.871985843961301521e-01,4.872396795439527528e-01,3.040086204367933864e-01,7.696721025173805519e-02,-1.506307727869768964e-01,-3.400392321437543663e-01,-4.632627695797347789e-01,-5.064242236931312258e-01,-4.701380954222106889e-01,-3.673526826932944633e-01,-2.194961630980096501e-01,-5.189869356380993198e-02,1.106089904990924661e-01,2.472381372532616584e-01,3.435329157602178829e-01,3.923079449135360441e-01,3.933706991698359134e-01,3.523268249322490941e-01,2.788387557554146690e-01,1.847033513245988912e-01,8.205361166745628321e-02,-1.810236265267652425e-02,-1.068919895797662140e-01,-1.781154883050050930e-01,-2.283563222221481892e-01,-2.567553321450415371e-01,-2.645585311050003274e-01,-2.545477102532894276e-01,-2.304479897554647383e-01,-1.963835425974901350e-01,-1.564274119093107540e-01,-1.142677388987444476e-01,-7.299338069517509464e-02,-3.498797851445278884e-02,-1.913084735391015019e-03,2.524271938144654129e-02,4.607177100642714102e-02,6.063288873086204733e-02,6.933121533972200212e-02,7.280464664900372640e-02,7.182498775827075854e-02,6.721842845158909618e-02,5.980720942768722598e-02,5.037251151628224094e-02,3.963757279533472455e-02,2.826968353718529656e-02,1.689992195011086676e-02,6.160585768405399745e-03,-3.255848639971476843e-03,-1.050006038770674201e-02,-1.439205291503229539e-02,-1.322539599425014492e-02,-5.995356438221699676e-03
8.489295767251764380e-01,7.286910239374934095e-01,4.024106311022075388e-01,-3.671237790848302235e-02,-4.637661075006457856e-01,-7.581967121157695555e-01,-8.382325249222455366e-01,-6.836501941310200170e-01,-3.404878080748413582e-01,9.325175918599455660e-02,4.962930528452680345e-01,7.585328079081303798e-01,8.112503126967904876e-01,6.447186039444675609e-01,3.088172067492014339e-01,-1.027313613601663067e-01,-4.793229399430392612e-01,-7.236447992409719143e-01,-7.766951852085196562e-01,-6.312580371288113446e-01,-3.310242802815043239e-01,4.339290727655452373e-02,3.969334577719935697e-01,6.446139605876111123e-01,7.317079209238857018e-01,6.449063803424787134e-01,4.125227605612713511e-01,9.473585680768370487e-02,-2.327940823692299932e-01,-4.973706728944645716e-01,-6.452449432529574480e-01,-6.517437156916384700e-01,-5.239349368563072096e-01,-2.961353145678901622e-01,-2.013155307037858485e-02,2.471075536994028765e-01,4.553069257897264799e-01,5.699505618010906050e-01,5.770954286132310429e-01,4.835959952912962656e-01,3.133842517449617060e-01,1.011249144166091879e-01,-1.151500640916994500e-01,-3.009113098160557942e-01,-4.303565982585928484e-01,-4.893554223732936026e-01,-4.760092033123282662e-01,-3.991631075190173461e-01,-2.754921631364824486e-01,-1.258988350183090632e-01,2.807980605665219218e-02,1.673066340042534961e-01,2.771791623239648894e-01,3.487377058775754657e-01,3.788046139804235324e-01,3.693428828912507789e-01,3.262919757467157567e-01,2.581518296954077862e-01,1.745556825458943195e-01,8.501489152949338879e-02,-2.049554132067275825e-03,-7.994038984300766426e-02,-1.439888894651218387e-01,-1.915768447141944775e-01,-2.219437333266603418e-01,-2.358544420113842799e-01,-2.351987085555526102e-01,-2.225817014030626873e-01,-2.009496625851825702e-01,-1.732784115282518245e-01,-1.423379476958754053e-01,-1.105346887895820446e-01,-7.982454039254203992e-02,-5.168492377707812474e-02,-2.713162304469769054e-02,-6.766192784723456220e-03,9.159007624906321393e-03,2.066896124595231019e-02,2.799573759644970530e-02,3.151599337596361350e-02,3.170055309312891367e-02,2.907914405605282332e-02,2.422275552099674781e-02,1.774604112442160903e-02,1.033243572082902413e-02,2.785152568637708041e-03,-3.890374930322081787e-03,-8.361650472024450761e-03,-8.870661125088011301e-03,-4.276477854007323075e-03
8.489295767251764380e-01,7.341010741229376801e-01,4.210395247136259900e-01,-4.811838770022195018e-03,-4.277047994778234163e-01,-7.335521477975450733e-01,-8.410918565625487009e-01,-7.235681474399500157e-01,-4.150806495246033845e-01,-1.895952077397717315e-04,4.099200493822843239e-01,7.077842787550970849e-01,8.180387495359914274e-01,7.162397486465721386e-01,4.334855520308316668e-01,4.626904796290406269e-02,-3.450121147239116892e-01,-6.426431587730588868e-01,-7.760821743088025526e-01,-7.181923378472844233e-01,-4.896388575112641806e-01,-1.511809426298913739e-01,2.133188536977884131e-01,5.182584521680259071e-01,6.964810034575992237e-01,7.135413543602207032e-01,5.732154401055069570e-01,3.137986344042852926e-01,-3.041359929547197884e-03,-3.075593441275488726e-01,-5.375122590375781551e-01,-6.505649066415247761e-01,-6.312039132467119895e-01,-4.913465126658537740e-01,-2.652990648004657226e-01,-8.268131698737752298e-04,2.513462392930363998e-01,4.473106861450655836e-01,5.572190322790425698e-01,5.689905110701172219e-01,4.883096077975337956e-01,3.354884811386918964e-01,1.402528948215151228e-01,-6.429334240492136365e-02,-2.473482215604449197e-01,-3.848382168409928417e-01,-4.620806128985692762e-01,-4.745682477681253397e-01,-4.270977970116753286e-01,-3.316876880966563301e-01,-2.048326585400482847e-01,-6.463031820018642903e-02,7.178039941558433945e-02,1.901720572290180045e-01,2.804313905050633826e-01,3.370100926183525192e-01,3.587278173466844078e-01,3.480958761793100376e-01,3.103541103663426948e-01,2.524042419764729317e-01,1.817909901056604105e-01,1.058382603357992807e-01,3.100131655804655786e-02,-3.754586637162218854e-02,-9.610156520575803551e-02,-1.424410103861610821e-01,-1.756816973385743608e-01,-1.960587740461179063e-01,-2.046560421048395639e-01,-2.031301101455283420e-01,-1.934553826207343341e-01,-1.777075964576438072e-01,-1.578947292912988021e-01,-1.358369704412544787e-01,-1.130923102657221402e-01,-9.092108804455122095e-02,-7.028126554663809145e-02,-5.184588596254927073e-02,-3.603473593016479765e-02,-2.305327808354084088e-02,-1.293313904165088908e-02,-5.569552900728919585e-03,-7.519511019569644072e-04,1.815806044257852478e-03,2.509246731070422214e-03,1.795040696974274869e-03,2.631061973525501935e-04,-1.326411182289829712e-03,-2.030392080378712154e-03,-1.118077687600294934e-03
8.489295767251764380e-01,7.394618107623958103e-01,4.396347039401898860e-01,2.750263878553865088e-02,-3.900824584680022133e-01,-7.056461350268844468e-01,-8.391288476900221616e-01,-7.583164862107710791e-01,-4.863813425532007573e-01,-9.482980104059889059e-02,3.159040002912934519e-01,6.427696411589135517e-01,8.062427882979844584e-01,7.695570310216677257e-01,5.463895136984350254e-01,1.955820704728562787e-01,-1.951155876837164516e-01,-5.316154624236513193e-01,-7.364092297334465798e-01,-7.661856029762615927e-01,-6.202175201010435845e-01,-3.381532131320574841e-01,1.147316687381886094e-02,3.485805486849152257e-01,6.002185769772185875e-01,7.161837484755848582e-01,6.783167141543042788e-01,5.020037277534044051e-01,2.303228776503875863e-01,-7.713669832003518245e-02,-3.578216430596630193e-01,-5.590125494225937075e-01,-6.473087204326347655e-01,-6.132629157167841516e-01,-4.708374801366855822e-01,-2.524512042991712835e-01,-1.157363334942353161e-03,2.381704023860144737e-01,4.268617095589148369e-01,5.383292546931573996e-01,5.610692703479336352e-01,4.986959205719556643e-01,3.674706131167137513e-01,1.921484480100396075e-01,1.107981804086423817e-03,-1.783250858525501081e-01,-3.236529262941728602e-01,-4.196548051071753438e-01,-4.593813255815529795e-01,-4.438183190647140841e-01,-3.805235818747032539e-01,-2.816305746009909461e-01,-1.616222267524481948e-01,-3.522336054800334626e-02,8.433380815437438449e-02,1.865256722385756905e-01,2.641928940228767120e-01,3.136778603787303554e-01,3.345432049755006076e-01,3.289998159445181591e-01,3.011772900866636626e-01,2.563558076917151762e-01,2.002529157445881447e-01,1.384283589737366482e-01,7.584026130964950652e-02,1.656034323427640551e-02,-3.636351335496433579e-02,-8.092159358751278841e-02,-1.160640345141208396e-01,-1.415613741174388540e-01,-1.578327839730925830e-01,-1.657658356688198609e-01,-1.665456668729501377e-01,-1.615053946776909000e-01,-1.520042385814955599e-01,-1.393354399358096019e-01,-1.246628386112481196e-01,-1.089828596003717398e-01,-9.310753544278033145e-02,-7.766386148517846755e-02,-6.310507128313129488e-02,-4.973020187517249169e-02,-3.770957244536544961e-02,-2.711568661658559851e-02,-1.796201983741304783e-02,-1.025678196078894447e-02,-4.084532056091158721e-03,2.736630754969020772e-04,2.240453180399287845e-03,1.399535775469650228e-03
8.489295767251764380e-01,7.447662803570825885e-01,4.581680324498854651e-01,6.017339268157911175e-02,-3.509687098451268472e-01,-6.744917928793859874e-01,-8.321734692252851229e-01,-7.873912405345473431e-01,-5.534589564841458920e-01,-1.893829135087846949e-01,2.155665659251701227e-01,5.642813073800840851e-01,7.754404507167137472e-01,8.024714767445417785e-01,6.434089298725504946e-01,3.396808799584053462e-01,-3.532663276325376939e-02,-3.946415806464604881e-01,-6.582635825147242770e-01,-7.709542428866607011e-01,-7.133173662851091112e-01,-5.040983399875976767e-01,-1.938343079012696257e-01,1.480412533904967853e-01,4.492402146651305328e-01,6.500226191429461231e-01,7.146890482779858500e-01,6.370816211869709811e-01,4.395280159276250820e-01,1.661212989498596915e-01,-1.276866537131836066e-01,-3.866761037953159730e-01,-5.662038847825843213e-01,-6.394351401557430981e-01,-6.004611123278632556e-01,-4.632404157743592599e-01,-2.571094506869076590e-01,-2.014364525699318537e-02,2.081453635855045059e-01,3.934024108669847974e-01,5.112844797034604705e-01,5.500265949139976351e-01,5.106532563822242521e-01,4.051801917115112062e-01,2.534234001329038755e-01,7.914672980130942059e-02,-9.375165301406016005e-02,-2.444534297438535064e-01,-3.574759757821009964e-01,-4.238268350726191458e-01,-4.411054162641275811e-01,-4.127425951330570553e-01,-3.466505622101581641e-01,-2.535781897263698625e-01,-1.454421593421957593e-01,-3.384669402566375940e-02,7.106843842202396899e-02,1.613863143426263191e-01,2.317769143399348586e-01,2.795145575617153377e-01,3.042263202524088106e-01,3.074614146239432744e-01,2.921694978172114654e-01,2.621637501683362070e-01,2.216266974820932378e-01,1.746970192577991243e-01,1.251569451492362539e-01,7.622422508496438931e-02,3.044102421461860122e-02,-1.035538917419272231e-02,-4.499901855033623665e-02,-7.291811933238455390e-02,-9.403282946591479119e-02,-1.086426491708665232e-01,-1.173154945908351648e-01,-1.207865068903486716e-01,-1.198715713762111695e-01,-1.153978181276699572e-01,-1.081513383047096877e-01,-9.884097661870962226e-02,-8.807633549734554534e-02,-7.635807544433526051e-02,-6.407941827644851596e-02,-5.154013000901744995e-02,-3.898004598891349065e-02,-2.665296877329941666e-02,-1.499186947652958977e-02,-4.957656628138071460e-03,1.462162797120390668e-03,1.996287026187753590e-03
8.489295767251764380e-01,7.500075591920336571e-01,4.766108256259695142e-01,9.313921991727222571e-02,-3.104441694846981625e-01,-6.401252941504835814e-01,-8.200906242176732031e-01,-8.103230104955022606e-01,-6.153864464433307369e-01,-2.824887569370356788e-01,1.104329276242010938e-01,4.734724762719000335e-01,7.256983489105727214e-01,8.132861087603742156e-01,7.207369216593416672e-01,4.729097290400295917e-01,1.278634464108097668e-01,-2.373644576691265606e-01,-5.444269498037843658e-01,-7.306256648560416345e-01,-7.614580145146979673e-01,-6.363192888574440431e-01,-3.866348119888985413e-01,-6.741430866125082411e-02,2.554452742560731626e-01,5.190911588722092462e-01,6.758980698709853296e-01,7.015912597628805036e-01,5.980799409443332548e-01,3.909831834759825431e-01,1.228959226926641113e-01,-1.558414735693497422e-01,-3.968400468806567716e-01,-5.619676125706996039e-01,-6.289152109181186390e-01,-5.933720244696875090e-01,-4.678694686356284493e-01,-2.779458376938092612e-01,-5.665890899063978636e-02,1.613981333157583353e-01,3.455216090448064437e-01,4.729743764248863225e-01,5.312815206935184165e-01,5.186747548397842023e-01,4.429224640976505145e-01,3.189913879554103215e-01,1.660821135588811670e-01,4.571695507129113628e-03,-1.466931250247310303e-01,-2.724472505770260122e-01,-3.622528599609881605e-01,-4.109320522837119904e-01,-4.182914299398044489e-01,-3.883154847156612410e-01,-3.280364102231282386e-01,-2.462831762037746564e-01,-1.524818933021553913e-01,-5.563355364409882514e-02,3.645565421700149022e-02,1.176639366842710394e-01,1.837748755942930357e-01,2.324688537793195287e-01,2.631397035445331434e-01,2.765965106902568693e-01,2.747074000707852570e-01,2.600334638002365084e-01,2.354893841280732703e-01,2.040549534900097661e-01,1.685502358556750513e-01,1.314775740769314194e-01,9.492651182524822207e-02,6.053301953752519837e-02,2.948194650563251348e-02,2.540948656821157264e-03,-1.988521967799467341e-02,-3.768968276855002436e-02,-5.099541171941007062e-02,-6.008988612207112612e-02,-6.536624973763381641e-02,-6.727312338365513955e-02,-6.627394900355790264e-02,-6.281585985680446238e-02,-5.730772523297133353e-02,-5.010760727249363028e-02,-4.152275955093322896e-02,-3.183507490509912552e-02,-2.139648753028198722e-02,-1.093219398010535082e-02,-2.329595593465262019e-03,9.305636845294892184e-04
8.489295767251764380e-01,7.551787639649691908e-01,4.949339116884333700e-01,1.263355124819739161e-01,-2.686004350944559138e-01,-6.026067819524737468e-01,-8.027836867294215750e-01,-8.266855165639648284e-01,-6.712560819166540904e-01,-3.727341615984892664e-01,2.211813104324941021e-03,3.718536870159003804e-01,6.576073421658563678e-01,8.009046194597229107e-01,7.750553108179362161e-01,5.897248422049656824e-01,2.874225752721875637e-01,-6.680709513007987432e-02,-3.998867414066228365e-01,-6.460623923154652504e-01,-7.598306733118194156e-01,-7.239181833173048419e-01,-5.510380691731399105e-01,-2.795526024796191056e-01,3.558564386701158766e-02,3.344081017311110182e-01,5.635234325025119118e-01,6.854841712606163373e-01,6.843572248672034064e-01,5.668377459190896417e-01,3.591733971822499982e-01,1.009233750456956374e-01,-1.629626221168904154e-01,-3.901434753280332846e-01,-5.475603197597530558e-01,-6.158089981425771686e-01,-5.907755460899499766e-01,-4.826330077861202827e-01,-3.127293216714057689e-01,-1.091648555273125598e-01,9.805447204725192822e-02,2.814789132696702834e-01,4.196782589074640191e-01,4.993537672403356997e-01,5.160134874789478188e-01,4.733559109623417527e-01,3.816696641958618463e-01,2.556405725401687534e-01,1.119656747173981837e-01,-3.287819415955996888e-02,-1.644545500818809791e-01,-2.716269266445226482e-01,-3.472133218171793434e-01,-3.880777810331794142e-01,-3.947629869480042131e-01,-3.708012933051547111e-01,-3.218495536432595117e-01,-2.547807161196661840e-01,-1.768392832481648635e-01,-9.493521769743397398e-02,-1.511760875392181500e-02,5.776022374397554032e-02,1.201958375294701481e-01,1.700405420227242836e-01,2.063862255516712152e-01,2.293747022010812764e-01,2.399657610782166828e-01,2.396945817468262574e-01,2.304420414188925736e-01,2.142339316991766218e-01,1.930781376545273320e-01,1.688429808902659202e-01,1.431754616379803668e-01,1.174550872179634525e-01,9.277721679215426842e-02,6.995916077981502446e-02,4.956238445431247752e-02,3.192481887684224529e-02,1.719824852453372133e-02,5.386838381646002691e-03,-3.616053169403803634e-03,-9.994649651337360330e-03,-1.398218619046730227e-02,-1.583751201439868861e-02,-1.582735668542965476e-02,-1.421625787252267861e-02,-1.127337079141729932e-02,-7.335623597094460130e-03,-3.077456224127656653e-03,-2.130784244379170045e-04
8.489295767251764380e-01,7.602730625551528121e-01,5.131076969627174078e-01,1.596944184079667206e-01,-2.255399931429082627e-01,-5.620210992616211376e-01,-7.801977791997735112e-01,-8.361040711410407944e-01,-7.201956623702924221e-01,-4.586770610289756522e-01,-1.072309180967701558e-01,2.612783184985125184e-01,5.723033205097934895e-01,7.649156147034790187e-01,8.037049447885349363e-01,6.849526679433268761e-01,4.360893518301687255e-01,1.089112205695736690e-01,-2.317027496758070348e-01,-5.210209007425665728e-01,-7.068681754828670671e-01,-7.588216086544761207e-01,-6.726332550232230201e-01,-4.693980865371441547e-01,-1.900563267412555546e-01,1.133316980474780994e-01,3.876224482760856072e-01,5.879688966471037226e-01,6.849056875032463187e-01,6.681059762228962473e-01,5.465000642434955092e-01,3.451354153084268961e-01,9.968706511374765544e-02,-1.501791713927493055e-01,-3.673501375228766519e-01,-5.226599323050926671e-01,-5.984201116511685958e-01,-5.897793932834990427e-01,-5.040026064460910726e-01,-3.580749888299996631e-01,-1.752350810612363918e-01,1.889405424729243693e-02,1.999565115625375478e-01,3.478171523302022172e-01,4.485219168759896347e-01,4.951644764163571355e-01,4.877307628623883118e-01,4.321203491907603667e-01,3.386168775014266052e-01,2.200996211050173235e-01,9.026367253881968644e-02,-3.793932147689018514e-02,-1.534995922612522046e-01,-2.481205933019823839e-01,-3.165627644142244290e-01,-3.566098881414314081e-01,-3.687407827605739818e-01,-3.556038217104460775e-01,-3.213912979125779779e-01,-2.711989107680278233e-01,-2.104370105542257563e-01,-1.443387607002068473e-01,-7.758938321246766634e-02,-1.408246429279507057e-02,4.320475774864077079e-02,9.223467385329241208e-02,1.318538252375343611e-01,1.616827686138909148e-01,1.819740366071140869e-01,1.934577489263022698e-01,1.971902592953894140e-01,1.944167881834130973e-01,1.864548137134708627e-01,1.746014061354895786e-01,1.600648629277124646e-01,1.439189694131237651e-01,1.270769190170070173e-01,1.102812670258380701e-01,9.410612494510234294e-02,7.896798903905125067e-02,6.514200841432049582e-02,5.278102923480222641e-02,4.193532623102452089e-02,3.257151975489934459e-02,2.458984950208971745e-02,1.784015936804152561e-02,1.214048981626293308e-02,7.315945458112673577e-03,3.327900462509923545e-03,6.436234636393347837e-04
8.489295767251764380e-01,7.652836849079988069e-01,5.311022351085836757e-01,1.931450278898105277e-01,-1.813760378670727647e-01,-5.184783114329870601e-01,-7.523227221544988019e-01,-8.382638133176237849e-01,-7.613852353758573388e-01,-5.388730861108338432e-01,-2.159049341804944733e-01,1.439164846150120802e-01,4.714708729718682934e-01,7.056573506197298951e-01,8.048421907319155411e-01,7.540534788637279773e-01,5.667260627480564805e-01,2.809520271251850221e-01,-4.872266788623007966e-02,-3.621140019158596846e-01,-6.046116693502788797e-01,-7.366612394659795005e-01,-7.398887263505763423e-01,-6.190071466461021243e-01,-3.995046650859173099e-01,-1.218893712167900684e-01,1.661837696602418146e-01,4.183323006841257463e-01,5.969096128705869697e-01,6.783424339109997980e-01,6.556736795664822592e-01,5.381976273224118312e-01,3.485771535244497343e-01,1.182005890310423024e-01,-1.182762680964102170e-01,-3.282546731465352252e-01,-4.855896533983109498e-01,-5.735240465434622292e-01,-5.859291683710800003e-01,-5.269126697342731980e-01,-4.090874551078044208e-01,-2.509439702085943247e-01,-7.382391566942300698e-02,1.010347084596941586e-01,2.550028999345002045e-01,3.738666548001703394e-01,4.488232368383692772e-01,4.766844669033770132e-01,4.594031449255978061e-01,4.031021163575143063e-01,3.168119254755297209e-01,2.111170462379726720e-01,9.688048268189795864e-02,-1.582830961701970143e-02,-1.185274081826108994e-01,-2.048113206466402603e-01,-2.705477029256647126e-01,-3.138237917499132612e-01,-3.347016774127839489e-01,-3.348479164371975236e-01,-3.171005269429167384e-01,-2.850277033403163518e-01,-2.425202755577848535e-01,-1.934463712177990347e-01,-1.413837604971439343e-01,-8.943422762871328091e-02,-4.011570525492948874e-02,4.677970117955440599e-03,4.366313223782416347e-02,7.611277408042452230e-02,1.017775089671584809e-01,1.207934050253837155e-01,1.335868004511132912e-01,1.407836818277252988e-01,1.431287555691817259e-01,1.414171660272971753e-01,1.364400250114513047e-01,1.289435554798184502e-01,1.196007026727329420e-01,1.089934803346048336e-01,9.760403236182610409e-02,8.581233661957336778e-02,7.389862264984756179e-02,6.204899082244075270e-02,5.036386559888305497e-02,3.887274104266032204e-02,2.757327106333879591e-02,1.657159428499947046e-02,6.615559279483672339e-03,4.663145776092661433e-04
8.489295767251764380e-01,7.702039340100516052e-01,5.488873000929375134e-01,2.266135841929855232e-01,-1.362321996015395387e-01,-4.721140033062377062e-01,-7.191955910503200489e-01,-8.329175415554300743e-01,-7.940739967334267124e-01,-6.119041892421879236e-01,-3.217339191948455079e-01,2.221715167844286881e-02,3.573280840079317011e-01,6.242582555653118925e-01,7.775726124470543343e-01,7.933766163813400496e-01,6.726964980381781034e-01,4.402132255407618655e-01,1.388493720104359008e-01,-1.785582022729902685e-01,-4.588199969375127973e-01,-6.574118720842018204e-01,-7.454101958808306838e-01,-7.133043509336471910e-01,-5.712881424659951302e-01,-3.462816861044527572e-01,-7.647407270736865381e-02,1.954806749944418554e-01,4.293745096544677731e-01,5.933412449354494855e-01,6.679095124222768076e-01,6.477807039337221129e-01,5.413156978734379177e-01,3.680767955514367418e-01,1.550277075765553458e-01,-6.788179410961235616e-02,-2.720284491210878119e-01,-4.337254929250256574e-01,-5.367214763300676150e-01,-5.734011981380782164e-01,-5.447148476753136404e-01,-4.590343485217456276e-01,-3.302501085619927723e-01,-1.754709112106595803e-01,-1.267963339016123410e-02,1.413590695122038665e-01,2.727287010624758201e-01,3.714150394424116097e-01,4.317634829300125432e-01,4.523950870024923132e-01,4.356903355995948579e-01,3.869784087274438789e-01,3.135754138782405054e-01,2.238022582140914429e-01,1.260874471068556546e-01,2.822821162700782024e-02,-6.314957268093496223e-02,-1.429220084203725871e-01,-2.076015866406216992e-01,-2.553053610104623616e-01,-2.855963210132272390e-01,-2.992403938403412345e-01,-2.979193866088694631e-01,-2.839345271884909372e-01,-2.599276200858977037e-01,-2.286385429613390363e-01,-1.927099033316803933e-01,-1.545428512641833507e-01,-1.162026828858094135e-01,-7.936908662150381211e-02,-4.532359651894259100e-02,-1.496581348445099983e-02,1.115004182709359790e-02,3.276596506134952375e-02,4.986495929740098615e-02,6.261498628977799075e-02,7.131589502415219828e-02,7.635185699879991350e-02,7.815072897144063890e-02,7.715087657817333577e-02,7.377534854813469489e-02,6.841292469233803408e-02,6.140559006740137216e-02,5.304283023855782542e-02,4.356619922708218628e-02,3.319755181668711252e-02,2.223640851990997883e-02,1.136743157888078781e-02,2.466742880769837772e-03,-9.334381868158317689e-04
8.489295767251764380e-01,7.750271969279000084e-01,5.664324626617694980e-01,2.600237188620090345e-01,-9.024218050847213068e-02,-4.230893345218113555e-01,-6.809028172804707513e-01,-8.198929748362029368e-01,-8.175970216452093098e-01,-6.764087339416158251e-01,-4.225992447004576213e-01,-1.011412736535998169e-01,2.325913209634557499e-01,5.226491854558100725e-01,7.220530805456595314e-01,8.003926435476598211e-01,7.482482716995149108e-01,5.778408280351285953e-01,3.200151254444870141e-01,1.829658329970080752e-02,-2.787847891257194677e-01,-5.257008413995779561e-01,-6.869145308477589973e-01,-7.417877052248763592e-01,-6.867829138663344990e-01,-5.348378185890728664e-01,-3.122629982741301768e-01,-5.387750974933543102e-02,2.026977904006941611e-01,4.226369718633831707e-01,5.785684223908047485e-01,6.537102606162688012e-01,6.431968804289921460e-01,5.536173676097658758e-01,4.010468271615555969e-01,2.080324561910735226e-01,8.163624440482996779e-05,-1.978086070466739121e-01,-3.641263183619046218e-01,-4.830053325179223811e-01,-5.454125945775988304e-01,-5.493568525507431799e-01,-4.992417850417968928e-01,-4.045756533914656727e-01,-2.782943306379612736e-01,-1.349574568259117591e-01,1.095362022730992334e-02,1.464615248463770614e-01,2.611327476803971259e-01,3.476878593948259932e-01,4.021955353379714770e-01,4.239076815708901491e-01,4.148207397916169881e-01,3.790602378494908886e-01,3.221840223622358113e-01,2.504877265511303852e-01,1.703777027320665660e-01,8.785553719077245083e-02,8.137432720706440706e-03,-6.458655883114765295e-02,-1.272628732904423909e-01,-1.779736970735266155e-01,-2.158500799876511000e-01,-2.409255738818594783e-01,-2.539558356219673851e-01,-2.562263273625192128e-01,-2.493657596029096035e-01,-2.351780141557616999e-01,-2.155005433763708955e-01,-1.920930713456136807e-01,-1.665570508909856307e-01,-1.402838402846096066e-01,-1.144279278150454049e-01,-8.990065006221847899e-02,-6.737957862648644158e-02,-4.732893413037770475e-02,-3.002687461176745815e-02,-1.559616431573617075e-02,-4.035447065616642494e-03,4.750965032999735979e-03,1.092630319386921067e-02,1.469870801077356563e-02,1.630393719013450288e-02,1.599545719519508691e-02,1.404670701866907179e-02,1.077751660489312951e-02,6.633035326302174316e-03,2.366832815062413966e-03,-6.860973430393471325e-04,-9.935759197021456178e-04
8.489295767251764380e-01,7.797469558836455095e-01,5.837071700384923734e-01,2.932967105208350023e-01,-4.354929669480589460e-02,-3.715908390434607411e-01,-6.375817739659985772e-01,-7.990992722237060253e-01,-8.313914524576277998e-01,-7.311123961101865243e-01,-5.163879527331786123e-01,-2.233111827000918981e-01,1.004196129572127866e-01,4.035442980385136602e-01,6.395543322069339176e-01,7.738874502959437462e-01,7.888768272114562441e-01,6.857681663942701844e-01,4.836472092044746263e-01,2.156393184358360859e-01,-7.683717385779392783e-02,-3.507253825643542600e-01,-5.677897244812556421e-01,-6.999011333917739552e-01,-7.324375114964285505e-01,-6.654472009252428988e-01,-5.126009293593121185e-01,-2.982913990766244416e-01,-5.348069022717998056e-02,1.889834065465119395e-01,3.988642516838286078e-01,5.522393762151804886e-01,6.339895055564821469e-01,6.388772536078506370e-01,5.712408084677045306e-01,4.435146531527090485e-01,2.739189354804969501e-01,8.372160636952641344e-02,-1.055252915754077286e-01,-2.744305833459720900e-01,-4.076392340855262142e-01,-4.949981541093124715e-01,-5.319830857716868477e-01,-5.194519074106304091e-01,-4.628592370582507165e-01,-3.711072356032323882e-01,-2.552185919474880826e-01,-1.270041812755973998e-01,2.133479683812407064e-03,1.221615022430998926e-01,2.250878054698275954e-01,3.053290456893235638e-01,3.597964984877867756e-01,3.877457760032261835e-01,3.904506110576629885e-01,3.707657075830363413e-01,3.326405507136950268e-01,2.806372999679108138e-01,2.194937690318648216e-01,1.537591370808696623e-01,8.751714971404990495e-02,2.420036770222526445e-02,-3.350977834764282126e-02,-8.370850362693753322e-02,-1.252336872219236286e-01,-1.575886348055159369e-01,-1.808373638181651755e-01,-1.954864709582010140e-01,-2.023651693961480702e-01,-2.025122885980290555e-01,-1.970762528962980431e-01,-1.872315362459907317e-01,-1.741129762009487603e-01,-1.587676861805586703e-01,-1.421231356055715211e-01,-1.249692332735668626e-01,-1.079518855611422551e-01,-9.157543218781076522e-02,-7.621151453629296246e-02,-6.211224311043900964e-02,-4.942596234287386509e-02,-3.821446046458836648e-02,-2.847120026992881053e-02,-2.014122325392913443e-02,-1.314514454571477989e-02,-7.412573048751853674e-03,-2.934099945925006635e-03,1.602930899495882424e-04,1.535142624094342368e-03,9.587287000415610147e-04
8.489295767251764380e-01,7.843567993386799664e-01,6.006808285489841914e-01,3.263517663382362044e-01,3.694073330512649776e-03,-3.178299576224418721e-01,-5.894217921375859426e-01,-7.705326440386934816e-01,-8.350117531567400331e-01,-7.748591467723066062e-01,-6.010439608482904816e-01,-3.413456555404137949e-01,-3.566094676212688830e-02,2.703886305884332097e-01,5.324773079646019092e-01,7.141040653150878548e-01,7.916470843737474228e-01,7.572487128842532167e-01,6.192172896875751675e-01,4.000373663845894212e-01,1.324408376767977902e-01,-1.457467486257776057e-01,-3.971415236180309560e-01,-5.898875844225974774e-01,-7.016019736774586901e-01,-7.217161121861640494e-01,-6.520276967408387137e-01,-5.055519414186878668e-01,-3.039927591637501259e-01,-7.431319680306466835e-02,1.550445443892586872e-01,3.577551047128333384e-01,5.125765863714756287e-01,6.053815635091061020e-01,6.301085272241151447e-01,5.886488708331851782e-01,4.898186060250623308e-01,3.476584620877575804e-01,1.793542887486971327e-01,3.072824690545128065e-03,-1.640269155473642326e-01,-3.074080181784368815e-01,-4.162729091066167952e-01,-4.841381031852643457e-01,-5.088903476735835429e-01,-4.924018999402625663e-01,-4.398174976167153472e-01,-3.586408858686420120e-01,-2.577466528259373946e-01,-1.464274121659273065e-01,-3.356173204709533148e-02,7.304062962466104092e-02,1.670884885184288349e-01,2.440519644434503421e-01,3.012165036749477887e-01,3.375805652233340171e-01,3.536370377374803975e-01,3.510804730132933704e-01,3.324797049168081720e-01,3.009497187695543974e-01,2.598490978173290666e-01,2.125212013520292875e-01,1.620893800262765971e-01,1.113096808967948409e-01,6.247903144296587663e-02,1.739296742322081479e-02,-2.265545905178106140e-02,-5.684506414559842985e-02,-8.477372699938325040e-02,-1.063921755714795081e-01,-1.219319044846378097e-01,-1.318332664430825196e-01,-1.366782189099014222e-01,-1.371307348097764167e-01,-1.338865986036313349e-01,-1.276332636855024572e-01,-1.190196680858473244e-01,-1.086353970848650263e-01,-9.699834095864877381e-02,-8.455003029111175794e-02,-7.165817578818760303e-02,-5.862668406289252288e-02,-4.571473319877503855e-02,-3.316860891571104392e-02,-2.127308632739845912e-02,-1.043278861554955590e-02,-1.296012883279991498e-03,5.075528688891999159e-03,7.097302336300709280e-03,3.705116978124282576e-03
8.489295767251764380e-01,7.888504330567721601e-01,6.173228888479275200e-01,3.591063250103792015e-01,5.132713289046123700e-02,-2.620422950140606777e-01,-5.366645592633200179e-01,-7.342808951719204114e-01,-8.281436348136163028e-01,-8.066415262228303629e-01,-6.746212029438621860e-01,-4.522763636227516981e-01,-1.718514488367836046e-01,1.272718878088316685e-01,4.043184306961028485e-01,6.228196301811600444e-01,7.554490202626829021e-01,7.873455930242010403e-01,7.175388336720082139e-01,5.583902373271463215e-01,3.332580179523937369e-01,7.283049758594972722e-02,-1.892723764155993249e-01,-4.209763505180774690e-01,-5.957012793661778938e-01,-6.953005586118342629e-01,-7.116942552480312045e-01,-6.471039275094984111e-01,-5.129928933708191030e-01,-3.279751485236895303e-01,-1.150611963677056898e-01,1.013480390259114544e-01,2.983250515479490828e-01,4.568096256107642694e-01,5.633049821664199985e-01,6.107636758036568692e-01,5.986637124687266276e-01,5.323716692313759102e-01,4.219594119621833950e-01,2.806797014849375382e-01,1.233138471847457646e-01,-3.541411435799086960e-02,-1.822005309453902933e-01,-3.061960934683908842e-01,-3.996573242748832633e-01,-4.582118590724176821e-01,-4.807747000435183549e-01,-4.691818290772226674e-01,-4.276240754940448530e-01,-3.619686493228115309e-01,-2.790502502112015004e-01,-1.860008476150994683e-01,-8.967004390037869310e-02,3.830844978430013141e-03,8.944590552728248767e-02,1.633534714304473168e-01,2.230193762128599155e-01,2.671455506916954881e-01,2.955393628905808590e-01,3.089302281744585876e-01,3.087585094124724039e-01,2.969583669458200070e-01,2.757517770177759231e-01,2.474660939758509537e-01,2.143828269056956004e-01,1.786211203312675355e-01,1.420560039401105867e-01,1.062689073663268674e-01,7.252621640416176407e-02,4.178069470757806575e-02,1.469028190661347821e-02,-8.351044043231543521e-03,-2.717513612208694376e-02,-4.179835741708378544e-02,-5.238034772664432182e-02,-5.918536579098707118e-02,-6.254798990885490628e-02,-6.284439257461962858e-02,-6.047001873665036609e-02,-5.582433083016962588e-02,-4.930337662110904212e-02,-4.130132646454841294e-02,-3.222282850951052602e-02,-2.250897848150808234e-02,-1.268072511629463224e-02,-3.404739088967821768e-03,4.409829185327082332e-03,9.468574650538894022e-03,9.976559694798815131e-03,4.787787747282919518e-03
8.489295767251764380e-01,7.932216911168404883e-01,6.336029333967283517e-01,3.914763798942971773e-01,9.918140204304166929e-02,-2.044865971342366140e-01,-4.796038597540362991e-01,-6.905267525686605845e-01,-8.106162604654322257e-01,-8.256293796238708405e-01,-7.353372519655931860e-01,-5.531974016704801489e-01,-3.041908221213661667e-01,-2.119046356822091443e-02,2.595813003326988833e-01,5.033476813887783896e-01,6.811655316693409068e-01,7.733403244949882405e-01,7.714696301068347806e-01,6.789290858713665777e-01,5.098379486986206466e-01,2.867421590716526247e-01,3.740467033589325169e-02,-2.088215250409160562e-01,-4.245485479514881089e-01,-5.874009701738124312e-01,-6.822250941626525345e-01,-7.022681863185721296e-01,-6.492840531666239645e-01,-5.326587492334835527e-01,-3.677596823219260180e-01,-1.737820249484875734e-01,2.860601183001338157e-02,2.195306229422612221e-01,3.818507367981414102e-01,5.025947493013438461e-01,5.738032973967684969e-01,5.927650348844966111e-01,5.617013519525493326e-01,4.870079333050616466e-01,3.781925723129895833e-01,2.466594716760835138e-01,1.044826757924712662e-01,-3.671058293991885657e-02,-1.666569186183653184e-01,-2.771196023421953480e-01,-3.622770163814480471e-01,-4.188468087762353131e-01,-4.459792855948213619e-01,-4.449691829240448593e-01,-4.188426472101199338e-01,-3.718768603045203291e-01,-3.091047022772844266e-01,-2.358478705718670965e-01,-1.573107193534286907e-01,-7.825532808066493207e-02,-2.767229807254046551e-03,6.588826502218401993e-02,1.253265928637598559e-01,1.740338242676038316e-01,2.113012730298797770e-01,2.371210804912244063e-01,2.520583661264697017e-01,2.571137581587615850e-01,2.535876566252296405e-01,2.429548183955498875e-01,2.267550983766168371e-01,2.065036600829016911e-01,1.836218270759973625e-01,1.593880572707401522e-01,1.349072986977959965e-01,1.110961983244738993e-01,8.868122658594213004e-02,6.820667541829907032e-02,5.004960785275300306e-02,3.443910636342153303e-02,2.147751659818008391e-02,1.116175480628575981e-02,3.403095152636529362e-03,-1.955855272474668095e-03,-5.128065582306363945e-03,-6.373786364401889948e-03,-5.997816701705536123e-03,-4.352894069462113526e-03,-1.849546304718859393e-03,1.026804233791887844e-03,3.687074745803681219e-03,5.384969761229647760e-03,5.163391641077865087e-03,2.399328841837786597e-03
8.489295767251764380e-01,7.974645468452538077e-01,6.494907658207045298e-01,4.233768207120170435e-01,1.470815400541952145e-01,-1.454434469793790818e-01,-4.185846259999709273e-01,-6.395498446145237992e-01,-7.824123531566731238e-01,-8.311962072790272105e-01,-7.816258417636032796e-01,-6.413525716247661101e-01,-4.286797524373787138e-01,-1.700060121510584832e-01,1.036349629022782770e-01,3.604594884971664692e-01,5.717347399246136552e-01,7.150256412337399059e-01,7.765171547151062947e-01,7.521826440478219800e-01,6.477301727521833641e-01,4.774163887158120456e-01,2.619512095395948315e-01,2.581025665358087362e-02,-2.056827768688107294e-01,-4.091461038741923684e-01,-5.654929810605131557e-01,-6.616205152913650078e-01,-6.913074225946957974e-01,-6.552989668685345048e-01,-5.606527928904587732e-01,-4.194947447794045159e-01,-2.473823613104635666e-01,-6.149321364201108808e-02,1.211527518117596347e-01,2.852583479400142008e-01,4.184696255151852395e-01,5.121739246408084645e-01,5.618525756849723773e-01,5.670143313441904365e-01,5.307741974106937599e-01,4.591679274963693103e-01,3.603044457726576888e-01,2.434579218233850206e-01,1.181904317938653748e-01,-6.421889943328499585e-03,-1.224083376073024088e-01,-2.233408814557438782e-01,-3.045827101568507889e-01,-3.633595781361594335e-01,-3.986788996795185280e-01,-4.111300205514951123e-01,-4.026028421185774975e-01,-3.759616123916550978e-01,-3.347071460396313092e-01,-2.826550177610826498e-01,-2.236503964365110508e-01,-1.613330375726326205e-01,-9.895923361575797994e-02,-3.928173232383749131e-02,1.551593729054199025e-02,6.383753709208707383e-02,1.046533558140143733e-01,1.374501959695946518e-01,1.621615916998801754e-01,1.790869405039161311e-01,1.888069813280261189e-01,1.921015613787279419e-01,1.898740820405196150e-01,1.830855361933912961e-01,1.726997384423580306e-01,1.596402610330329430e-01,1.447587438098509316e-01,1.288136436650632044e-01,1.124581071284038586e-01,9.623545796511390193e-02,8.058075392743170584e-02,6.582694691214414917e-02,5.221434562089553866e-02,3.990230211842970415e-02,2.898230525081854289e-02,1.949196341713942127e-02,1.142973552806578023e-02,4.770869156018158960e-03,-5.137332306751950326e-04,-4.430929121039383495e-03,-6.919029258327410829e-03,-7.758956488486507333e-03,-6.465007721245829599e-03,-2.789606590027657405e-03
8.489295767251764380e-01,8.015731236371091972e-01,6.649565017525360666e-01,4.547217920381759204e-01,1.948462512540437008e-01,-8.521368197690196156e-02,-3.540012785457892219e-01,-5.817272199233134433e-01,-7.436758574182998904e-01,-8.229422915128948857e-01,-8.121866237516158771e-01,-7.142233158228407097e-01,-5.414138935806364072e-01,-3.139796556944373096e-01,-5.747815520781492105e-02,2.002225595757466670e-01,4.320943746062095858e-01,6.148525867048691973e-01,7.312923719360430175e-01,7.718256791717936771e-01,7.350956687713382509e-01,6.276621507674692291e-01,4.628593491166327900e-01,2.590140554835925757e-01,3.726906772259451495e-02,-1.807203562934950047e-01,-3.749598224521540346e-01,-5.289408153387651357e-01,-6.309592414761435730e-01,-6.748406080486808456e-01,-6.600578606381920510e-01,-5.912937877090030936e-01,-4.775520535164147762e-01,-3.309551916015239792e-01,-1.653828221299111501e-01,4.900028526309029193e-03,1.664933262841631623e-01,3.078896696576347569e-01,4.202135132170125020e-01,4.976434515912901979e-01,5.375233426940515535e-01,5.401963770546671650e-01,5.086166137693330924e-01,4.478042625765948914e-01,3.642144180666923026e-01,2.650851930840356641e-01,1.578219392057561565e-01,4.946141516223087620e-02,-5.375471071643712906e-02,-1.466820564285846729e-01,-2.254494631532928950e-01,-2.875173847678375028e-01,-3.316352632163705461e-01,-3.577192743164146482e-01,-3.666738988427926116e-01,-3.601804734605119629e-01,-3.404737458451997933e-01,-3.101240851645660768e-01,-2.718389484400741130e-01,-2.282929698364176418e-01,-1.819920177093833080e-01,-1.351730344610468371e-01,-8.973860717044254698e-02,-4.722308422387809512e-02,-8.785646365956472845e-03,2.477500737378007106e-02,5.298989218736402385e-02,7.567818449786217760e-02,9.289963755246903598e-02,1.049049907285275474e-01,1.120875835400396703e-01,1.149385677538851680e-01,1.140073506336763270e-01,1.098682396344992235e-01,1.030937166418072204e-01,9.423435612591520016e-02,8.380511274625047913e-02,7.227752739114072511e-02,6.007731720663043312e-02,4.758680252383055281e-02,3.515166545759732669e-02,2.309164960118012533e-02,1.171513285853889759e-02,1.338504801513919163e-03,-7.685722257117074026e-03,-1.491989605764377884e-02,-1.973942370783114686e-02,-2.111722435487602134e-02,-1.735514508943470161e-02,-7.466728857287441290e-03
8.489295767251764380e-01,8.055417056356707350e-01,6.799706607504141243e-01,4.854250665867077541e-01,2.422892690081849543e-01,-2.411653942854200677e-02,-2.862953450464884586e-01,-5.175323166363671179e-01,-6.947168423516048019e-01,-8.007137979829445085e-01,-8.260304667673410428e-01,-7.696142609977694171e-01,-6.387216838688171139e-01,-4.479072073465199533e-01,-2.172785374163390681e-01,2.975932323258056317e-02,2.690027674531847990e-01,4.779102654127340699e-01,6.377650376846659697e-01,7.353288734466819632e-01,7.638459235582982787e-01,7.233357315097792561e-01,6.201956846880097851e-01,4.662050417935203472e-01,2.770782321695386963e-01,7.074942966670770550e-02,-1.344183168508837622e-01,-3.213167547796282886e-01,-4.755152730310459597e-01,-5.863114109738872815e-01,-6.473465944842504705e-01,-6.567745127993214194e-01,-6.170147019761371698e-01,-5.341601333498194881e-01,-4.171322675233269939e-01,-2.766891254107888276e-01,-1.243919663908614193e-01,2.837410403608803602e-02,1.712482650428453490e-01,2.955562342106181628e-01,3.947564624642106446e-01,4.646635505994641813e-01,5.034625262905439991e-01,5.115434307962645200e-01,4.911961987431249788e-01,4.462110045678790993e-01,3.814295696624627752e-01,3.022892370591155342e-01,2.143950105279525398e-01,1.231463749212266950e-01,3.343665515574044400e-02,-5.056613461538989052e-02,-1.255558354841134761e-01,-1.891473533545481311e-01,-2.398685005952216620e-01,-2.770974007593696165e-01,-3.009597424607134419e-01,-3.122001511347216596e-01,-3.120408595375591121e-01,-3.020390239389523779e-01,-2.839517654425248727e-01,-2.596155900221342461e-01,-2.308444796503463792e-01,-1.993488143727044914e-01,-1.666754870414398626e-01,-1.341681616878235284e-01,-1.029456124749819901e-01,-7.389543885487379060e-02,-4.768013730322090415e-02,-2.475246121582731426e-02,-5.377153853420336971e-03,1.034356811898692712e-02,2.244302750990278747e-02,3.106343221315460354e-02,3.643098090139201134e-02,3.883377481872619941e-02,3.860324302767457333e-02,3.609949743337778627e-02,3.170078749084410952e-02,2.579701739145013814e-02,1.878712856895253455e-02,1.108009823030772778e-02,3.099569398119781868e-03,-4.706714212325848606e-03,-1.184802218463565544e-02,-1.774864257725507558e-02,-2.164866874534019173e-02,-2.238451235779837303e-02,-1.811362163180514281e-02,-7.740501272113289692e-03
8.489295767251764380e-01,8.093647482390149417e-01,6.945042588631189506e-01,5.154004311270834471e-01,2.892204114750285271e-01,3.751245920900246611e-02,-2.159523594825717707e-01,-4.475323204281407841e-01,-6.360133833566403716e-01,-7.646171131349469574e-01,-8.225186410645035640e-01,-8.057332071982203914e-01,-7.173015292853516245e-01,-5.667808468707395964e-01,-3.691210567899764761e-01,-1.430658591420123915e-01,9.073891702464781384e-02,3.117273375881259856e-01,5.012858238281963086e-01,6.443397564181224668e-01,7.305185190418701513e-01,7.548151145468567913e-01,7.177130344457222089e-01,6.248078137052308634e-01,4.859979397433740744e-01,3.143551717094739684e-01,1.248052724781561068e-01,-6.724407110616253958e-02,-2.471997598510403404e-01,-4.023959828856610299e-01,-5.229433369813817345e-01,-6.022675202036014142e-01,-6.373242707520401229e-01,-6.285079028865456774e-01,-5.792959710382651339e-01,-4.956905411573867548e-01,-3.855265233287856197e-01,-2.577196985972455834e-01,-1.215223907382208118e-01,1.415533503461564868e-02,1.413147469162361891e-01,2.532990534174169306e-01,3.450723301434429624e-01,4.133477341224646717e-01,4.565777588450432578e-01,4.748280407342099774e-01,4.695617212605776025e-01,4.433637073018170671e-01,3.996337323719773571e-01,3.422744586753290741e-01,2.753966204943789076e-01,2.030580502354906169e-01,1.290479542073760533e-01,5.672252354658981199e-02,-1.110673826284972084e-02,-7.223446164523598945e-02,-1.250780310836927534e-01,-1.686567051915415227e-01,-2.025415685121233211e-01,-2.267848565402720284e-01,-2.418367687147333078e-01,-2.484569943291882743e-01,-2.476269927295332851e-01,-2.404677439570848674e-01,-2.281663458986172011e-01,-2.119135763469904565e-01,-1.928534306278049948e-01,-1.720447273982980141e-01,-1.504341629244947132e-01,-1.288396847768762121e-01,-1.079427329179107331e-01,-8.828773424029455474e-02,-7.028720594076147410e-02,-5.423089300840667343e-02,-4.029750684565254482e-02,-2.856782089297017421e-02,-1.903809566065482392e-02,-1.163303614376233128e-02,-6.217720683202264224e-03,-2.608175632159261473e-03,-5.804932613936601487e-04,1.214315721053572798e-04,-2.205753383629162530e-04,-1.304011660996178251e-03,-2.808044556088886735e-03,-4.389039122385206965e-03,-5.658846355960872251e-03,-6.126694511485973604e-03,-5.123614347531766679e-03,-2.232744679699200617e-03
8.489295767251764380e-01,8.130368884029053334e-01,7.085289014005832220e-01,5.445620826901562683e-01,3.354467017966755726e-01,9.932387036041250006e-02,-1.434980555376714484e-01,-3.723838794913900685e-01,-5.682102186641804220e-01,-7.150277711660856239e-01,-8.013943229534233881e-01,-8.212623908545810814e-01,-7.743527661913621740e-01,-6.659977682483706474e-01,-5.064899752059748295e-01,-3.100181432531992076e-01,-9.330746136150683268e-02,1.258968755004331030e-01,3.303569921995361258e-01,5.047427327943693198e-01,6.367881823958162490e-01,7.181180760531514773e-01,7.446945425673087149e-01,7.168731072785246017e-01,6.390931545337871222e-01,5.192587359532150337e-01,3.678882212654648320e-01,1.971244221594699586e-01,1.970018831383132940e-02,-1.520511902072098076e-01,-3.070645846139677393e-01,-4.362329537087305531e-01,-5.328824074583681236e-01,-5.930183220292770674e-01,-6.153490126154478324e-01,-6.011108674831695531e-01,-5.537319049276667737e-01,-4.783788671781991075e-01,-3.814361905029337030e-01,-2.699639309909823148e-01,-1.511767692711533384e-01,-3.197856680561858567e-02,8.142231504235317163e-02,1.838015462791625365e-01,2.711052906633437676e-01,3.405370630888964190e-01,3.905542408524391718e-01,4.207884199792247815e-01,4.319068134960404870e-01,4.254330796639002599e-01,4.035455880647682014e-01,3.688695069977335761e-01,3.242765917351751459e-01,2.727035330748807107e-01,2.169965200351852697e-01,1.597865564298106555e-01,1.033972598446883800e-01,4.978450579644804613e-02,5.054368101290036526e-04,-4.328694392582362049e-02,-8.082815715245639243e-02,-1.117104965304903802e-01,-1.358399714962354177e-01,-1.533864255359796425e-01,-1.647307614829649491e-01,-1.704125361442088704e-01,-1.710804694016206384e-01,-1.674477055811022519e-01,-1.602530103757140723e-01,-1.502285138566692713e-01,-1.380741353922332604e-01,-1.244384553520669207e-01,-1.099055288298599470e-01,-9.498695996199661706e-02,-8.011845985341391196e-02,-6.566008321337636622e-02,-5.189936555832872639e-02,-3.905665383717361189e-02,-2.729203367077656303e-02,-1.671341172986101284e-02,-7.385538352280607115e-03,6.598781813179631665e-04,7.412147707080272811e-03,1.286550647219125189e-02,1.699390035028003343e-02,1.970504181964696788e-02,2.074789074322784185e-02,1.952800760106651254e-02,1.488346612145525528e-02,6.149573471006419823e-03
8.489295767251764380e-01,8.165529547090818463e-01,7.220168754575224668e-01,5.728250325702959334e-01,3.807735444007325221e-01,1.609569177916109761e-01,-6.949388081792071126e-02,-2.928271772492612723e-01,-4.921140450688556989e-01,-6.525934419957596377e-01,-7.628050160469215246e-01,-8.154179786506119409e-01,-8.076947069180619998e-01,-7.415626051946481168e-01,-6.233036370845794760e-01,-4.629043051055050650e-01,-2.731366107020032907e-01,-6.846031352230307065e-02,1.361527929230468836e-01,3.263712520964975883e-01,4.895401752820324748e-01,6.155247985912702946e-01,6.973066761670868585e-01,7.313027718799685051e-01,7.174032031778235785e-01,6.587470341201836499e-01,5.612753280377481557e-01,4.331152344508965579e-01,2.838574251747056909e-01,1.237915865485426231e-01,-3.683861778937818493e-02,-1.885077394060465927e-01,-3.229660458311233717e-01,-4.336540744253258861e-01,-5.159602145353506808e-01,-5.673208674713207111e-01,-5.871745933975570653e-01,-5.767910409581339382e-01,-5.390019382046509211e-01,-4.778648880871491089e-01,-3.982913226104274340e-01,-3.056681100235678628e-01,-2.054985112576140360e-01,-1.030830539727075057e-01,-3.255053369569999543e-03,8.982046961403288010e-02,1.727813558152037909e-01,2.431381626333252721e-01,2.992850648789645018e-01,3.404604322782266990e-01,3.666674854199555855e-01,3.785661762994528834e-01,3.773472962114438056e-01,3.645989624019664865e-01,3.421742732963586886e-01,3.120672462732179131e-01,2.763023409362709848e-01,2.368410763456886003e-01,1.955075911334421823e-01,1.539335541658248541e-01,1.135216600900722100e-01,7.542605853175579633e-02,4.054746319309048691e-02,9.540344415124402816e-03,-1.717050981368297563e-02,-3.936671657480891873e-02,-5.700875727287086497e-02,-7.020633375179305413e-02,-7.918843517581310165e-02,-8.427456244390263418e-02,-8.584819548983092796e-02,-8.433325257515557338e-02,-8.017399247652305661e-02,-7.381855737799614126e-02,-6.570614872598905254e-02,-5.625766957810071633e-02,-4.586955337408041983e-02,-3.491043120785656401e-02,-2.372027624340773341e-02,-1.261173203559798339e-02,-1.873547109465132201e-03,8.223452135833114740e-03,1.741629337076221196e-02,2.543167842704566542e-02,3.195019958698156609e-02,3.653103216038807582e-02,3.844813655460587593e-02,3.635161400216315591e-02,2.785373476519448568e-02,1.155405020647764895e-02
8.489295767251764380e-01,8.199079771683842610e-01,7.349412417296257161e-01,6.001055154964378691e-01,4.250059481898347813e-01,2.220422866800863537e-01,5.468128538864669951e-03,-2.096783977093369389e-01,-4.086853931190851386e-01,-5.782305939809717632e-01,-7.073147064555009855e-01,-7.879950125791913562e-01,-8.158682243508279530e-01,-7.902738913981869340e-01,-7.142135368383319971e-01,-5.940039029499019074e-01,-4.387032012964279248e-01,-2.593654093849760978e-01,-6.818826843345567046e-02,1.223748709347447922e-01,3.004708203195106120e-01,4.556085518040880467e-01,5.792776767767239265e-01,6.653884492185963007e-01,7.105147495875793195e-01,7.139380073291139439e-01,6.775052138789544598e-01,6.053269176130054996e-01,5.033505630518901874e-01,3.788502952437904914e-01,2.398763232990854533e-01,9.470538522459943931e-02,-4.867068931818414879e-02,-1.829881403819940411e-01,-3.020642555759696646e-01,-4.010471420967951506e-01,-4.765579950512532359e-01,-5.267294712197054807e-01,-5.511503700769037062e-01,-5.507317836552195756e-01,-5.275130638622443913e-01,-4.844273931080481099e-01,-4.250465895390987958e-01,-3.533232897204623413e-01,-2.733461491636986485e-01,-1.891205298169571225e-01,-1.043836414560183612e-01,-2.245957556630363491e-02,5.384363111493301046e-02,1.222956498734458219e-01,1.812673172668187727e-01,2.297207189832665142e-01,2.671718466088706112e-01,2.936323240464526751e-01,3.095367494292626809e-01,3.156618391320534789e-01,3.130428957621348429e-01,3.028922548762652545e-01,2.865233912920346904e-01,2.652833681742425287e-01,2.404953575654898423e-01,2.134120994733947063e-01,1.851804309079538580e-01,1.568164238754983508e-01,1.291902266798198029e-01,1.030193999792861081e-01,7.886936437985810067e-02,5.715951154563510272e-02,3.817355508271119691e-02,2.207278956756538943e-02,8.911065936243500393e-03,-1.349538871571705385e-03,-8.823195638554630002e-03,-1.368559024543461976e-02,-1.616045383662193316e-02,-1.650765693419418978e-02,-1.501302015619093884e-02,-1.197987351064420253e-02,-7.722318351267315299e-03,-2.560140860026492542e-03,3.184546393085304662e-03,9.188475340496285448e-03,1.512485182578076313e-02,2.065411616958063093e-02,2.540012629956353921e-02,2.889412651062707449e-02,3.044723953272073652e-02,2.888229414122090236e-02,2.220500137179851410e-02,9.232660774000815002e-03
8.489295767251764380e-01,8.230971967285631852e-01,7.472759251566969407e-01,6.263214012320031943e-01,4.679497865799455147e-01,2.822050957666900617e-01,8.077106062899128136e-02,-1.238206534469106224e-01,-3.190271036518237402e-01,-4.931146079945932792e-01,-6.359048478849852470e-01,-7.393954241741925726e-01,-7.982147583858038020e-01,-8.098849854483244348e-01,-7.748817489507705547e-01,-6.964952664783554681e-01,-5.805114093930848762e-01,-4.347437261789326435e-01,-2.684564691700987438e-01,-9.172421139981486171e-02,8.522464542227070616e-02,2.526351424889486386e-01,4.017837172838104598e-01,5.254345680355875237e-01,6.181717560795115807e-01,6.765948416908422747e-01,6.993762995054920717e-01,6.871885884513280196e-01,6.425169005992309446e-01,5.693798126920514013e-01,4.729840489051569397e-01,3.593412746691347914e-01,2.348744066437303546e-01,1.060386240877194686e-01,-2.102150602859118034e-02,-1.407621670195327024e-01,-2.484664002681248596e-01,-3.404003064428277048e-01,-4.138985699615058134e-01,-4.673830133322478542e-01,-5.003215098717047615e-01,-5.131372213570755125e-01,-5.070797444051087233e-01,-4.840703890233926665e-01,-4.465335820377639986e-01,-3.972254393803706374e-01,-3.390690629969875802e-01,-2.750042770249260804e-01,-2.078575033240240566e-01,-1.402354486223246210e-01,-7.444436717881351695e-02,-1.243497459026675356e-02,4.422831254127502359e-02,9.437621443199389892e-02,1.372246546946147561e-01,1.723496405188398861e-01,1.996506938006440690e-01,2.193064868194511130e-01,2.317260670427283564e-01,2.374986537191726976e-01,2.373445040547053908e-01,2.320688236624251222e-01,2.225201722909372626e-01,2.095543212384979037e-01,1.940040748916855018e-01,1.766551893345957858e-01,1.582282129841634799e-01,1.393658390586068607e-01,1.206251942865929488e-01,1.024743863491800605e-01,8.529258585063378972e-02,6.937291790021860027e-02,5.492747428026378137e-02,4.209382078554815831e-02,3.094245762949308573e-02,2.148478683054345570e-02,1.368124314417579722e-02,7.449348895599625445e-03,2.671552551362601623e-03,-7.971998677774346084e-04,-3.122138860506129890e-03,-4.481519317676960039e-03,-5.059544308457686497e-03,-5.039251657414318096e-03,-4.595198776473928548e-03,-3.885573281036008939e-03,-3.042760010123081449e-03,-2.160468574871699746e-03,-1.280124133393656253e-03,-4.399262901705367304e-04
8.489295767251764380e-01,8.261160744571612868e-01,7.589958039251377686e-01,6.513926057743049114e-01,5.094130836325370115e-01,3.410680176224595850e-01,1.557793634662226201e-01,-3.619348132383501393e-02,-2.243695128228702651e-01,-3.986632985498023696e-01,-5.499636008960165912e-01,-6.706372582945494543e-01,-7.549283251945242412e-01,-7.992305877888877808e-01,-8.022209300562264112e-01,-7.648508692394706543e-01,-6.902031532866194086e-01,-5.832289167891934190e-01,-4.503879427697608517e-01,-2.992196473056172312e-01,-1.378752455294117163e-01,2.535788688152929363e-02,1.825102508292393289e-01,3.263367469787749053e-01,4.506547508785826994e-01,5.505987903634870229e-01,6.227833533099719210e-01,6.653718221477842309e-01,6.780555367118964449e-01,6.619521548916647014e-01,6.194365374506449751e-01,5.539201665320133694e-01,4.695965648224214029e-01,3.711703641703812950e-01,2.635867145415199952e-01,1.517758273021224402e-01,4.042485312653934515e-02,-6.621373570077142279e-02,-1.644713001660489948e-01,-2.513669266936999214e-01,-3.246661651084680744e-01,-3.828972273206733279e-01,-4.253292638878583554e-01,-4.519187808362072345e-01,-4.632311400165863846e-01,-4.603444341944326612e-01,-4.447429045924304880e-01,-4.182065561468029657e-01,-3.827028183349093227e-01,-3.402850942415124313e-01,-2.930019306463249595e-01,-2.428194107785468792e-01,-1.915582889283045098e-01,-1.408464065849406588e-01,-9.208609111706138328e-02,-4.643556244490543855e-02,-4.802868796516941881e-03,3.214946426617569519e-02,6.399106983255203884e-02,9.050370653539198396e-02,1.116565385875030181e-01,1.275785615482943058e-01,1.385297958164902199e-01,1.448726216676857470e-01,1.470443644772003733e-01,1.455319737776485656e-01,1.408493885055692452e-01,1.335179530434697504e-01,1.240500509057492207e-01,1.129359585986672715e-01,1.006337922811736812e-01,8.756232344637952802e-02,7.409637473257307816e-02,6.056447031738779879e-02,4.724840436514277098e-02,3.438440379290762933e-02,2.216559834335275064e-02,1.074557563643207744e-02,2.429028303774848714e-04,-9.253334737657652187e-03,-1.767663909317324436e-02,-2.497398226304160460e-02,-3.109255848247875070e-02,-3.595830110709313798e-02,-3.943713392594062894e-02,-4.125850379148891800e-02,-4.085541139173914232e-02,-3.703977355825752854e-02,-2.760858743772911725e-02,-1.127380719730679097e-02
8.489295767251764380e-01,8.289603003705360296e-01,7.700767963633683433e-01,6.752414992596067478e-01,5.492073149231194718e-01,3.982545139772677989e-01,2.298455276530233238e-01,5.221895468779050309e-02,-1.260525392923852461e-01,-2.965139875574405726e-01,-4.512631184243296456e-01,-5.833438781305179122e-01,-6.870770617663835012e-01,-7.583111947632265037e-01,-7.945822845060134254e-01,-7.951770426994239083e-01,-7.611002343853713326e-01,-6.949525249933395932e-01,-6.007302048939602290e-01,-4.835621755670967414e-01,-3.494023761128014494e-01,-2.046973059780291815e-01,-5.604845225638479395e-02,9.011165603364620913e-02,2.278132026845827718e-01,3.517990878889416528e-01,4.577212036960175978e-01,5.422768845575420826e-01,6.032833369679636570e-01,6.396915223765693437e-01,6.515441966794441875e-01,6.398854387905350549e-01,6.066309283628325000e-01,5.544094149663816307e-01,4.863862685051312806e-01,4.060797709784917942e-01,3.171799976845584568e-01,2.233788623589978706e-01,1.282183005187692293e-01,3.496177651235837097e-02,-5.350754614351185823e-02,-1.347604178511830064e-01,-2.068669763420139529e-01,-2.684155586509667235e-01,-3.185074546030410847e-01,-3.567310292657370208e-01,-3.831191645197594142e-01,-3.980942077031082160e-01,-4.024045995067197512e-01,-3.970571252569194409e-01,-3.832483404070589628e-01,-3.622982112183127934e-01,-3.355884323742326369e-01,-3.045072775452085656e-01,-2.704022434941912856e-01,-2.345411927689846354e-01,-1.980822062752548296e-01,-1.620519394648220479e-01,-1.273319419739121772e-01,-9.465215175813088133e-02,-6.459060763732335508e-02,-3.757833150308886871e-02,-1.390830352275538445e-02,6.252520703226714834e-03,2.284913462911918394e-02,3.592323269874828778e-02,4.559755800398760522e-02,5.206048606071529694e-02,5.555135473442474048e-02,5.634692381168760617e-02,5.474922979058652328e-02,5.107499560833598379e-02,4.564666367276103143e-02,3.878504558736722146e-02,3.080352531138694921e-02,2.200371715350986704e-02,1.267247141054363493e-02,3.080148981025074111e-03,-6.519828349107249267e-03,-1.588996475902564737e-02,-2.480567453443932244e-02,-3.304903538219291365e-02,-4.039669185600109486e-02,-4.659632906123612611e-02,-5.131949097637197865e-02,-5.406310727648280107e-02,-5.393792586864755434e-02,-4.923432320496327202e-02,-3.689420462364165210e-02,-1.511645020949578533e-02
8.489295767251764380e-01,8.316258018809135066e-01,7.804959452682167509e-01,6.977933076419025049e-01,5.871487113115609890e-01,4.533921503891503724e-01,3.023171296678014985e-01,1.404007817235606581e-01,-2.550495242889843153e-02,-1.884944709825756293e-01,-3.419250645372252095e-01,-4.797126410841146549e-01,-5.965920102494709498e-01,-6.883295367982490420e-01,-7.518790178615196718e-01,-7.854750914338530787e-01,-7.886621144704617503e-01,-7.622600257643975530e-01,-7.082720154604164042e-01,-6.297416728151313814e-01,-5.305695305068990342e-01,-4.153004693781963130e-01,-2.888942454659547687e-01,-1.564914561222313927e-01,-2.318662547558985113e-02,1.061811472622559704e-01,2.272112484066840798e-01,3.360916435907687627e-01,4.297115690011739653e-01,5.057346643505520323e-01,5.626325762085497839e-01,5.996810326911425904e-01,6.169220596795557121e-01,6.150973116649873784e-01,5.955583930742895937e-01,5.601605425373078484e-01,5.111461620100644643e-01,4.510244346917098857e-01,3.824527455935658460e-01,3.081248618771094128e-01,2.306699168069760442e-01,1.525652412030437388e-01,7.606506490355846584e-02,3.146125345035387464e-03,-6.452968194492955667e-02,-1.256362597987556451e-01,-1.791891630464251539e-01,-2.245381265972326568e-01,-2.613483761724251231e-01,-2.895730119154727999e-01,-3.094188023040587154e-01,-3.213076572575796486e-01,-3.258358872135103668e-01,-3.237331226246217275e-01,-3.158224889002403390e-01,-3.029833268272514313e-01,-2.861174370376431964e-01,-2.661195251388421834e-01,-2.438522443042670795e-01,-2.201259836105858569e-01,-1.956833391047062554e-01,-1.711880334293796879e-01,-1.472179192419967586e-01,-1.242616099908183530e-01,-1.027182256877583050e-01,-8.289971690026182172e-02,-6.503523242565643903e-02,-4.927701992305218159e-02,-3.570738914398889630e-02,-2.434631959808580479e-02,-1.515935421341018177e-02,-8.065483967947751492e-03,-2.944792151665926241e-03,3.543123165420813026e-04,2.008388484004136956e-03,2.212855143049887157e-03,1.176522290757154405e-03,-8.832036107733929556e-04,-3.744379244419818956e-03,-7.183704242135574569e-03,-1.097849562983316957e-02,-1.490676661559682536e-02,-1.874397717700281366e-02,-2.225344501990225710e-02,-2.516386603111443396e-02,-2.711918904053539636e-02,-2.756789698573734390e-02,-2.553333195759339980e-02,-1.933364585502451299e-02,-7.970978283531047690e-03
8.489295767251764380e-01,8.341087518343127671e-01,7.902314992080294864e-01,7.189765052027948800e-01,6.230595534389058443e-01,5.061159523462909204e-01,3.725441402504582888e-01,2.273182556416950828e-01,7.577881834254632243e-02,-7.658841155174798965e-02,-2.243749609283072211e-01,-3.624633120224193261e-01,-4.862221919680827509e-01,-5.916751657632439709e-01,-6.756358101793245030e-01,-7.358046304160377193e-01,-7.708249374970482792e-01,-7.802970105775817178e-01,-7.647519055847892266e-01,-7.255881313785386144e-01,-6.649760049126030026e-01,-5.857357470102714236e-01,-4.911962439979504214e-01,-3.850418567759710253e-01,-2.711547121677875816e-01,-1.534595886642929619e-01,-3.577785645978605322e-02,7.830398858119476391e-02,1.855467742734631387e-01,2.831488993883423677e-01,3.688124754341336464e-01,4.407847149909064899e-01,4.978750850842334486e-01,5.394497702759932789e-01,5.654058380584517929e-01,5.761281446411097296e-01,5.724324519424480728e-01,5.554984488955815314e-01,5.267963954606492694e-01,4.880109583363476111e-01,4.409655121149127499e-01,3.875497713879396677e-01,3.296531325747483754e-01,2.691055729741652636e-01,2.076274103516188574e-01,1.467886971191771361e-01,8.797853194965356283e-02,3.238413628203871963e-02,-1.902082405303563359e-02,-6.547948390198302104e-02,-1.064476170306545150e-01,-1.415832332966054652e-01,-1.707311697791632499e-01,-1.939039180963050835e-01,-2.112598849087256869e-01,-2.230801955101259781e-01,-2.297450321986307387e-01,-2.317103602132448148e-01,-2.294857439623806394e-01,-2.236138034652806750e-01,-2.146517123982774056e-01,-2.031550004508567153e-01,-1.896637979566770660e-01,-1.746915526988326861e-01,-1.587161588818913893e-01,-1.421733669349590778e-01,-1.254522896093757944e-01,-1.088927836424175843e-01,-9.278446548148922002e-02,-7.736711231440901448e-02,-6.283220390644490838e-02,-4.932537447872828440e-02,-3.694956516516988837e-02,-2.576869477050083845e-02,-1.581169828952741496e-02,-7.076818168029411042e-03,4.639272204808355120e-04,6.860127963952735060e-03,1.217819302952487422e-02,1.649627856909133619e-02,1.989869141992563553e-02,2.246927263897680396e-02,2.428274728658594978e-02,2.539189129819057270e-02,2.580576405689158012e-02,2.544815717730940577e-02,2.407183924337150463e-02,2.108518738641992213e-02,1.534220387533179013e-02,6.175974898297405084e-03
8.489295767251764380e-01,8.364055761132558331e-01,7.992629903592280982e-01,7.387231949673022102e-01,6.567694445796068425e-01,5.560717632425660195e-01,4.398863947650719641e-01,3.119342901696040560e-01,1.762638982307480062e-01,3.710412508132822362e-02,-1.012863601181107354e-01,-2.347672838157301434e-01,-3.594564800770326252e-01,-4.718557924464047426e-01,-5.689585818870319667e-01,-6.483352215189114309e-01,-7.081940525095841155e-01,-7.474164381364856169e-01,-7.655657237579847063e-01,-7.628710308744129920e-01,-7.401878311144338696e-01,-6.989381167749938450e-01,-6.410336748145072372e-01,-5.687864589143538652e-01,-4.848103294127095175e-01,-3.919184953598253141e-01,-2.930208591967314313e-01,-1.910251543992443346e-01,-8.874530890522780435e-02,1.118010363875581066e-02,1.063571099639101930e-01,1.946917520036016702e-01,2.744308314083723777e-01,3.441878051209448786e-01,4.029542569757086912e-01,4.500978950811417856e-01,4.853484550112793783e-01,5.087732152309690781e-01,5.207440505047388202e-01,5.218980636635919268e-01,5.130938531788770129e-01,4.953654044808520895e-01,4.698754505883021571e-01,4.378699478116283017e-01,4.006350711720295110e-01,3.594578676411523954e-01,3.155914282589729059e-01,2.702251659504459891e-01,2.244605257285566813e-01,1.792922169558202605e-01,1.355948500700265014e-01,9.411468695514314808e-02,5.546607706300639429e-02,2.013205063464709385e-02,-1.153152553488879552e-02,-3.928885816280881793e-02,-6.301483719992413690e-02,-8.268396044644449328e-02,-9.835815032797533275e-02,-1.101739874207711273e-01,-1.183298224399471354e-01,-1.230731594800898443e-01,-1.246886319954796790e-01,-1.234868224436080769e-01,-1.197941092179542200e-01,-1.139436624063886599e-01,-1.062676544212688423e-01,-9.709070355777552064e-02,-8.672452854182206849e-02,-7.546376031491709713e-02,-6.358283367123827856e-02,-5.133386587062736123e-02,-3.894542209900828111e-02,-2.662206912164843953e-02,-1.454462992394948452e-02,-2.871076199259667543e-03,8.261962588190297982e-03,1.873702513842256945e-02,2.845281364301602972e-02,3.731998852227862151e-02,4.525501757212870013e-02,5.217060611169851980e-02,5.795973571380504119e-02,6.246707989508244047e-02,6.543413690378836745e-02,6.638705736182273776e-02,6.439753342583962037e-02,5.759310679778827796e-02,4.256214178295553846e-02,1.729839523938256698e-02
8.489295767251764380e-01,8.385129607794029605e-01,8.075713084472782022e-01,7.569694741465269328e-01,6.881165494340042432e-01,6.029195635982257384e-01,5.037211165752805142e-01,3.932234278781528980e-01,2.744017053970989606e-01,1.504101045067357811e-01,2.448377063986090577e-02,-1.001594697265840855e-01,-2.204142834316017707e-01,-3.333766055547628393e-01,-4.364230999450166015e-01,-5.272788484826590460e-01,-6.040713540181905650e-01,-6.653695399223048534e-01,-7.102070543371464817e-01,-7.380898106230507905e-01,-7.489882897939952322e-01,-7.433156714456763403e-01,-7.218933262641995530e-01,-6.859055798635581569e-01,-6.368459338686190963e-01,-5.764571006734506842e-01,-5.066672732747915520e-01,-4.295250159959466130e-01,-3.471350350145254171e-01,-2.615968820722009425e-01,-1.749483757911853010e-01,-8.911520942985841354e-02,-5.867869060331062578e-03,7.321337087216966966e-02,1.467649608565502750e-01,2.136580198992173996e-01,2.730079359303777542e-01,3.241761153043632437e-01,3.667645933373804845e-01,4.006043875614386796e-01,4.257385939064289859e-01,4.424012944566720895e-01,4.509933668973105103e-01,4.520562650367209723e-01,4.462447828371856606e-01,4.342997279575084857e-01,4.170213220241123508e-01,3.952440208117944942e-01,3.698133150164193972e-01,3.415649375405389598e-01,3.113067716137910557e-01,2.798036301540990922e-01,2.477649640958220212e-01,2.158354585420461103e-01,1.845883921755741564e-01,1.545215681589454659e-01,1.260555737803661092e-01,9.953409073540483987e-02,7.522595704276813233e-02,5.332867367237736217e-02,3.397305226402774769e-02,1.722871295230521058e-02,3.110161374977036576e-03,-8.416800433915743937e-03,-1.742854512396858901e-02,-2.403715726790474350e-02,-2.838418845051696171e-02,-3.063474979532218936e-02,-3.097203086516932269e-02,-2.959230560008053665e-02,-2.670046093013085306e-02,-2.250606282574158998e-02,-1.721995889449795536e-02,-1.105140764660801633e-02,-4.205724368271298100e-03,3.117554446475674819e-03,1.072595625462425747e-02,1.843471745306125495e-02,2.606659347722238909e-02,3.345044943287059369e-02,4.041789277104403111e-02,4.679651811954711749e-02,5.239690900816019320e-02,5.698744034376992951e-02,6.024385595390787523e-02,6.164406789908279810e-02,6.024186432594572094e-02,5.420178943230769680e-02,4.023349176968214064e-02,1.639621693029846144e-02
8.489295767251764380e-01,8.404278587325556549e-01,8.151387703804151563e-01,7.736557818028533262e-01,7.169487865577712782e-01,6.463367104452697465e-01,5.634503805677328891e-01,4.701869865408284666e-01,3.686576583298878940e-01,2.611298950668581864e-01,1.499667214494033451e-01,3.756451854206419028e-02,-7.370852715832512669e-02,-1.815714866268078598e-01,-2.838855336139886054e-01,-3.787030413638348691e-01,-4.643096467965249774e-01,-5.392582820747602312e-01,-6.023944814694914829e-01,-6.528725904153760418e-01,-6.901628206151111389e-01,-7.140493977840458584e-01,-7.246203261572425891e-01,-7.222495369335044657e-01,-7.075723891314606995e-01,-6.814556458098315339e-01,-6.449631534662928489e-01,-5.993185071301485589e-01,-5.458659897603403977e-01,-4.860310354828153434e-01,-4.212813869536222722e-01,-3.530900039432516291e-01,-2.829006401760910117e-01,-2.120968460615931528e-01,-1.419749838488265359e-01,-7.372166630600512915e-02,-8.395857114563981191e-03,5.308429316169378798e-02,1.099499523098914494e-01,1.615856625923070555e-01,2.075292697237858530e-01,2.474681365139732858e-01,2.812321196924231770e-01,3.087838322537280189e-01,3.302067356934211273e-01,3.456916085529763150e-01,3.555219220894181853e-01,3.600586233401492087e-01,3.597247832889074459e-01,3.549905162442895112e-01,3.463585188464881615e-01,3.343505160794536524e-01,3.194948397878125124e-01,3.023153046661316568e-01,2.833214893311389315e-01,2.630004773586361866e-01,2.418100661443990940e-01,2.201734108519917688e-01,1.984750369293872274e-01,1.770581278074048193e-01,1.562229742841757529e-01,1.362264583964345743e-01,1.172824367701245790e-01,9.956288590728518129e-02,8.319967390996788059e-02,6.828682903354645062e-02,5.488318445958458025e-02,4.301529004865149025e-02,3.268049486115025271e-02,2.385011822405791460e-02,1.647264139106222047e-02,1.047686570780684973e-02,5.774995942089473921e-03,2.265618303100932866e-03,-1.634492153964030520e-04,-1.632452219758112914e-03,-2.267159925419770690e-03,-2.196516674388400512e-03,-1.550530293854629049e-03,-4.584778308038293189e-04,9.524257125024238307e-04,2.557625840417354201e-03,4.234573356631687879e-03,5.859753943447717182e-03,7.301112127860603408e-03,8.400705867022956533e-03,8.936031576962983128e-03,8.539509053637600253e-03,6.600258134857922045e-03,2.753189473332988326e-03
8.489295767251764380e-01,8.421474958639343367e-01,8.219491851849625164e-01,7.887272260365244536e-01,7.431249623949356398e-01,6.860210559867536695e-01,6.185084021439966051e-01,5.418681033941704639e-01,4.575392570109980128e-01,3.670854248866529113e-01,2.721587364550174248e-01,1.744626256135282938e-01,7.571421958618881898e-02,-2.239261833790275741e-02,-1.182226378011281137e-01,-2.102320641841479432e-01,-2.969981990594213750e-01,-3.772451047403589941e-01,-4.498648577833379014e-01,-5.139340050692330353e-01,-5.687250096447414860e-01,-6.137126263544723237e-01,-6.485752942612481586e-01,-6.731917692507846107e-01,-6.876333420207098035e-01,-6.921520906137393903e-01,-6.871657003797430052e-01,-6.732394462471014140e-01,-6.510659718494301584e-01,-6.214435176424751850e-01,-5.852532466903940245e-01,-5.434362940126648001e-01,-4.969711255323113197e-01,-4.468517384463843722e-01,-3.940671692270220072e-01,-3.395827015757528766e-01,-2.843230876252032524e-01,-2.291580145315517125e-01,-1.748899681339411150e-01,-1.222445680805784307e-01,-7.186337687926561135e-02,-2.429912046036487513e-02,1.998679864615365495e-02,6.062466163921925721e-02,9.733487088814637977e-02,1.299246957636102651e-01,1.582835762412752312e-01,1.823772427528870255e-01,2.022409116190463652e-01,2.179718089863467434e-01,2.297212635905404587e-01,2.376865910254012948e-01,2.421029706790565617e-01,2.432354922443692724e-01,2.413715227931499396e-01,2.368135188093411225e-01,2.298723811749254220e-01,2.208614256380651009e-01,2.100910173767849831e-01,1.978638963794633887e-01,1.844712008421945104e-01,1.701891788586426535e-01,1.552765644678025247e-01,1.399725826534586604e-01,1.244955391038530396e-01,1.090419443306655661e-01,9.378611796336751294e-02,7.888021751019264061e-02,6.445463644624356558e-02,5.061871901912193272e-02,3.746174358484254813e-02,2.505413264997911546e-02,1.344885634616620196e-02,2.683007386544099086e-03,-7.220459164159018228e-03,-1.625080645596993154e-02,-2.440736981576085984e-02,-3.169708615000614571e-02,-3.813151444500244985e-02,-4.372300788338728816e-02,-4.847940410562014135e-02,-5.239601429363146406e-02,-5.544246624526853046e-02,-5.753926950031157395e-02,-5.851282579477604107e-02,-5.800323397880654402e-02,-5.526727435304683300e-02,-4.877424317018561051e-02,-3.571469196492184361e-02,-1.443716489468142850e-02
8.489295767251764380e-01,8.436693766831789842e-01,8.279879138745175338e-01,8.021338881233581741e-01,7.665158353083556531e-01,7.216939054827641309e-01,6.683685373675926078e-01,6.073663949287392283e-01,5.396239170628160942e-01,4.661688869072556640e-01,3.881004706662152248e-01,3.065682059456742992e-01,2.227504357618142194e-01,1.378326864499561377e-01,5.298647595358732532e-02,-3.065098583996070727e-02,-1.119957797737139576e-01,-1.900345652862479306e-01,-2.638398513783032362e-01,-3.325829909167020149e-01,-3.955447052921526319e-01,-4.521230154925976463e-01,-5.018385248021310918e-01,-5.443370655307557815e-01,-5.793897855375129691e-01,-6.068908081723005665e-01,-6.268526502462541394e-01,-6.393996256680394286e-01,-6.447594966973442254e-01,-6.432536599386506904e-01,-6.352861701188564636e-01,-6.213319115529297720e-01,-6.019242254655321478e-01,-5.776422917010607394e-01,-5.490985467098097317e-01,-5.169263970800400676e-01,-4.817684604293759887e-01,-4.442655343607240237e-01,-4.050464606215113395e-01,-3.647190167408561612e-01,-3.238619323488055035e-01,-2.830180930978889453e-01,-2.426889624816450652e-01,-2.033302216112307104e-01,-1.653485997563238219e-01,-1.290998446159816182e-01,-9.488776114656166660e-02,-6.296423148358291921e-02,-3.353011606955025314e-02,-6.736927442142015034e-03,1.731083694931165665e-02,3.855281832229918298e-02,5.696949079099142277e-02,7.257853675874799404e-02,8.543100806604539410e-02,9.560736980912198923e-02,1.032135147172663081e-01,1.083768259918914956e-01,1.112423559345022822e-01,1.119691768560743539e-01,1.107269499626774012e-01,1.076927474074376306e-01,1.030481527050391838e-01,9.697665540542385609e-02,8.966134747346025946e-02,8.128292135807367591e-02,7.201796338883668935e-02,6.203753105296062886e-02,5.150599905789537275e-02,4.058015711665799441e-02,2.940854245768404623e-02,1.813099269241783343e-02,6.878410702941444368e-03,-4.227256028267600482e-03,-1.507280151859825661e-02,-2.555326420569134852e-02,-3.557105191818534656e-02,-4.503451734078592339e-02,-5.385567975141762609e-02,-6.194654912316906875e-02,-6.921305443514366718e-02,-7.554467404921959284e-02,-8.079597692971760003e-02,-8.475214300839704895e-02,-8.706106267998289794e-02,-8.709246381527283032e-02,-8.363524976170153002e-02,-7.427531208793833328e-02,-5.463888256250856723e-02,-2.214914958238854356e-02
8.489295767251764380e-01,8.449912894001727626e-01,8.332419239115220755e-01,8.138311011910398518e-01,7.870050985831323898e-01,7.531027758124533289e-01,7.125498825467890818e-01,6.658519514013637730e-01,6.135859268779945142e-01,5.563907058705921393e-01,4.949567860281280374e-01,4.300152339334731844e-01,3.623261954083831227e-01,2.926671751303318580e-01,2.218213121461941051e-01,1.505658719481529906e-01,7.966116484336038805e-02,9.840084839590387475e-03,-5.820155626163730361e-02,-1.238137477763279343e-01,-1.863999258222001632e-01,-2.454234469891444503e-01,-3.004128197571273029e-01,-3.509656522933530809e-01,-3.967513037021880296e-01,-4.375122531127965120e-01,-4.730642265378616207e-01,-5.032951446739694079e-01,-5.281629752876242367e-01,-5.476925911919631185e-01,-5.619717488270786765e-01,-5.711463129782242687e-01,-5.754148601726817303e-01,-5.750227968567600545e-01,-5.702561287275031976e-01,-5.614350148142414065e-01,-5.489072343730059256e-01,-5.330416867217753207e-01,-5.142220341924957916e-01,-4.928405868142227697e-01,-4.692925145858090619e-01,-4.439704596566914074e-01,-4.172596068045794082e-01,-3.895332566471912950e-01,-3.611489323855531230e-01,-3.324450378424909647e-01,-3.037380723810897964e-01,-2.753203971665199590e-01,-2.474585373257250087e-01,-2.203919959713301624e-01,-1.943325488527318512e-01,-1.694639826015043038e-01,-1.459422351361079062e-01,-1.238958937364231377e-01,-1.034270045192066390e-01,-8.461214644693178244e-02,-6.750372347433296338e-02,-5.213142985766594517e-02,-3.850384589256105466e-02,-2.661012427573311231e-02,-1.642173077134065698e-02,-7.894206773636022398e-03,-9.689255646136754043e-04,4.425181559572532661e-03,8.369948705984371976e-03,1.095636344174428199e-02,1.228303051263665222e-02,1.245471858326969820e-02,1.158099430603580851e-02,9.774945830876978492e-03,7.151996848978344097e-03,3.828812849376570394e-03,-7.769594068415740739e-05,-4.451264572753058438e-03,-9.177035608156126206e-03,-1.414215559359296125e-02,-1.923613957887388912e-02,-2.435089044528718216e-02,-2.938017877309347450e-02,-3.421824302393357276e-02,-3.875689379872002821e-02,-4.287995715916026462e-02,-4.645274537909208773e-02,-4.930172982183380487e-02,-5.117384102056502654e-02,-5.165136711891080840e-02,-4.996849750243332472e-02,-4.463369339682336789e-02,-3.297030203638263990e-02,-1.339872595530931798e-02
8.489295767251764380e-01,8.461113104445459054e-01,8.376998379486233492e-01,8.237797012044910661e-01,8.044902721086004682e-01,7.800239182977727337e-01,7.506233663493154795e-01,7.165783933892575508e-01,6.782219056314247041e-01,6.359254726070386887e-01,5.900943946247559913e-01,5.411623881082413545e-01,4.895859787587073519e-01,4.358386958992532256e-01,3.804051628404453989e-01,3.237751776746612409e-01,2.664378766186941139e-01,2.088760679822032895e-01,1.515608191852337028e-01,9.494637215744698711e-02,3.946545412959946014e-02,-1.447495849891436599e-02,-6.649737562174820593e-02,-1.162569912227604668e-01,-1.634443173758982903e-01,-2.077872391895894955e-01,-2.490524860905353188e-01,-2.870465250555776504e-01,-3.216158909788863762e-01,-3.526469781345959453e-01,-3.800653245210555697e-01,-4.038344276405672062e-01,-4.239541358992466868e-01,-4.404586642570376687e-01,-4.534142860016523446e-01,-4.629167545738497869e-01,-4.690885102743532209e-01,-4.720757264969934197e-01,-4.720452489418234254e-01,-4.691814791655212757e-01,-4.636832509372211808e-01,-4.557607443079225162e-01,-4.456324781977457627e-01,-4.335224177865479311e-01,-4.196572281868318210e-01,-4.042637009061711417e-01,-3.875663745849371455e-01,-3.697853665301580328e-01,-3.511344267531093521e-01,-3.318192216398808680e-01,-3.120358501109382066e-01,-2.919695912147535211e-01,-2.717938785958528558e-01,-2.516694942105184296e-01,-2.317439710532538388e-01,-2.121511925122470665e-01,-1.930111742910163852e-01,-1.744300136058908879e-01,-1.564999895774351335e-01,-1.392997983546654661e-01,-1.228949065154862491e-01,-1.073380066428633595e-01,-9.266955964927617306e-02,-7.891840937518054822e-02,-6.610245618374330223e-02,-5.422937767694962358e-02,-4.329738623255197788e-02,-3.329601477634380052e-02,-2.420692403728641820e-02,-1.600472647640122439e-02,-8.657824154004315972e-03,-2.129260072773841213e-03,3.622414836883694304e-03,8.642253624410062632e-03,1.297799409238905438e-02,1.667909147199908917e-02,1.979567465372266549e-02,2.237737786582498847e-02,2.447196391969192961e-02,2.612358803770629262e-02,2.737042094137075166e-02,2.824108704046011248e-02,2.874882125103786837e-02,2.888103569919268226e-02,2.857921605301123533e-02,2.769758689987646127e-02,2.591457948402569808e-02,2.255098343104355516e-02,1.634884350196326094e-02,6.569462094467343541e-03
8.489295767251764380e-01,8.470278084075395508e-01,8.413519765685263385e-01,8.319462482375830081e-01,8.188834933152169260e-01,8.022645721235502903e-01,7.822172345228252111e-01,7.588947323413888224e-01,7.324741652255949420e-01,7.031545836512824721e-01,6.711548760882274367e-01,6.367114700761569157e-01,6.000758792080103099e-01,5.615121296901648407e-01,5.212941012398565332e-01,4.797028175790020721e-01,4.370237216952014281e-01,3.935439703810736933e-01,3.495497813593231307e-01,3.053238645907251914e-01,2.611429671919935913e-01,2.172755588147423367e-01,1.739796814160634586e-01,1.315009841510205446e-01,9.007096070597556126e-02,4.990540283917497405e-02,1.120308027090438641e-02,-2.585534656196467745e-02,-6.110817793830595340e-02,-9.441329096729506043e-02,-1.256485241476102133e-01,-1.547118371750066945e-01,-1.815212555760712942e-01,-2.060146122187282713e-01,-2.281490998955600646e-01,-2.479006509758318599e-01,-2.652631615663453846e-01,-2.802475787066742163e-01,-2.928808698557232026e-01,-3.032048943144922681e-01,-3.112751962910638159e-01,-3.171597390699786301e-01,-3.209375992249735021e-01,-3.226976390407031992e-01,-3.225371743169682670e-01,-3.205606535512093846e-01,-3.168783631650851085e-01,-3.116051719925496677e-01,-3.048593267124428130e-01,-2.967613083196432577e-01,-2.874327581143604204e-01,-2.769954800760792701e-01,-2.655705249010996138e-01,-2.532773594417693785e-01,-2.402331238097775434e-01,-2.265519770108108955e-01,-2.123445306766570395e-01,-1.977173692645875780e-01,-1.827726540124547938e-01,-1.676078069810089943e-01,-1.523152706928549704e-01,-1.369823382033270864e-01,-1.216910479297938913e-01,-1.065181372472461946e-01,-9.153504876466576901e-02,-7.680798337889183092e-02,-6.239799473214204667e-02,-4.836112067804478054e-02,-3.474854893564686270e-02,-2.160681649502970564e-02,-8.978045850880462045e-03,3.099773727435159963e-03,1.459244414647502958e-02,2.546912868618316644e-02,3.570179032263726820e-02,4.526442705060997745e-02,5.413198900145289871e-02,6.227878734640531627e-02,6.967607278882079203e-02,7.628821804107298321e-02,8.206647124258487080e-02,8.693830991283399423e-02,9.078845923234110660e-02,9.342332472278624955e-02,9.450072379605335693e-02,9.338372411596364275e-02,8.882608374902631332e-02,7.832500306450473904e-02,5.733381482929490736e-02,2.317414718794019377e-02
8.489295767251764380e-01,8.477394473928283603e-01,8.441903947745476033e-01,8.383032162368899698e-01,8.301121989431788917e-01,8.196649180111187372e-01,8.070218363222845248e-01,7.922557979733096944e-01,7.754514212357466185e-01,7.567043979507127593e-01,7.361207072879997204e-01,7.138157526909494344e-01,6.899134315925814498e-01,6.645451481150980166e-01,6.378487794466911609e-01,6.099676069218439300e-01,5.810492230119879142e-01,5.512444254629611518e-01,5.207061096971038472e-01,4.895881703364041160e-01,4.580444223064697451e-01,4.262275514586895131e-01,3.942881040112146129e-01,3.623735233711491421e-01,3.306272420746442786e-01,2.991878356835160346e-01,2.681882445221728251e-01,2.377550681429797530e-01,2.080079363877510024e-01,1.790589598835887475e-01,1.510122617877432127e-01,1.239635915934223093e-01,9.800002083936104613e-02,7.319971964328352010e-02,4.963181211356375994e-02,2.735630789430294404e-02,6.424106374268502215e-03,-1.312293055360884420e-02,-3.125184185367544526e-02,-4.793837197065378003e-02,-6.316672223346525561e-02,-7.692925484625967592e-02,-8.922615547007109460e-02,-1.000650605072947869e-01,-1.094606552246409764e-01,-1.174342487922319656e-01,-1.240133321815215794e-01,-1.292311246577705075e-01,-1.331261143290200233e-01,-1.357415978785863064e-01,-1.371252242173695290e-01,-1.373285463513096438e-01,-1.364065852737151308e-01,-1.344174091671480886e-01,-1.314217306407627350e-01,-1.274825241422713196e-01,-1.226646650754795870e-01,-1.170345915322808655e-01,-1.106599889216912519e-01,-1.036094971601100312e-01,-9.595243949297257990e-02,-8.775857147007019854e-02,-7.909784812438072632e-02,-7.004020704662904107e-02,-6.065536485722184540e-02,-5.101262462324721719e-02,-4.118069214324778654e-02,-3.122749984984487040e-02,-2.122003852742156832e-02,-1.122419934124259042e-02,-1.304632159326091613e-03,8.475368681148849614e-03,1.805393237154000879e-02,2.737060320738639307e-02,3.636620820479508076e-02,4.498252600332066503e-02,5.316163803837950508e-02,6.084476805423530421e-02,6.797028386821936385e-02,7.447029211691012784e-02,8.026478980583845457e-02,8.525140014096735386e-02,8.928675624015412760e-02,9.215128641440567536e-02,9.347929726353711166e-02,9.261319269907693219e-02,8.828939412312790391e-02,7.799179631591164619e-02,5.716522257522461958e-02,2.312461866168620539e-02
8.489295767251764380e-01,8.482451897648699557e-01,8.462089120195174230e-01,8.428291497309877700e-01,8.381196903372215568e-01,8.320997056472188014e-01,8.247936326588295453e-01,8.162310220675219608e-01,8.064463558443070168e-01,7.954788354706103792e-01,7.833721426560127377e-01,7.701741745863303068e-01,7.559367559484637678e-01,7.407153301522970690e-01,7.245686323167920273e-01,7.075583467060034826e-01,6.897487513900223410e-01,6.712063529653742311e-01,6.519995141989147758e-01,6.321980774590942875e-01,6.118729867691563573e-01,5.910959112594229570e-01,5.699388727115631825e-01,5.484738797783155206e-01,5.267725713293844869e-01,5.049058712203444710e-01,4.829436566087397797e-01,4.609544417525291982e-01,4.390050790235393019e-01,4.171604786550270338e-01,3.954833485208939514e-01,3.740339550172059879e-01,3.528699058871565541e-01,3.320459556013414248e-01,3.116138336785557184e-01,2.916220961110695953e-01,2.721159998444414585e-01,2.531374000579480477e-01,2.347246697993502496e-01,2.169126413488887961e-01,1.997325685238187376e-01,1.832121089876081188e-01,1.673753254986734829e-01,1.522427049230050400e-01,1.378311937442701640e-01,1.241542487346307122e-01,1.112219014001509521e-01,9.904083478678840646e-02,8.761447122687222866e-02,7.694306962190232413e-02,6.702383089560580431e-02,5.785101031150650247e-02,4.941603543153763600e-02,4.170762859637659747e-02,3.471193293336816837e-02,2.841264104342176508e-02,2.279112568242966028e-02,1.782657193362362918e-02,1.349611056147511159e-02,9.774952441062538869e-03,6.636524163047360751e-03,4.052605115379312797e-03,1.993466527883903418e-03,4.280131207400905973e-04,-6.760718951766030767e-04,-1.352177681873376102e-03,-1.634611780305043243e-03,-1.558440734882825512e-03,-1.159325189300922923e-03,-4.733499211683825912e-04,4.631497864790908850e-04,1.613762680613839732e-03,2.942172269571264893e-03,4.412316213819548333e-03,5.988522675451395799e-03,7.635605586567758944e-03,9.318890735064814385e-03,1.100412782923566868e-02,1.265721448650468026e-02,1.424360462626297549e-02,1.572717131718049874e-02,1.706808881381878876e-02,1.821886780078861220e-02,1.911673229110756253e-02,1.966836336637771757e-02,1.971797392352625522e-02,1.897842381302862480e-02,1.688933864398401222e-02,1.244448069334485457e-02,5.049905813878141463e-03
8.489295767251764380e-01,8.485442982853987903e-01,8.474031355978027813e-01,8.455087862033917601e-01,8.428655761819033865e-01,8.394795326740859265e-01,8.353583585730534056e-01,8.305114001801250367e-01,8.249496080892027017e-01,8.186854915539890643e-01,8.117330666274402695e-01,8.041077983999400658e-01,7.958265376979075656e-01,7.869074526371432343e-01,7.773699554548123558e-01,7.672346250703243609e-01,7.565231258483405830e-01,7.452581230565885617e-01,7.334631955269537151e-01,7.211627460404541612e-01,7.083819099650989770e-01,6.951464626803324220e-01,6.814827263227957177e-01,6.674174763855996728e-01,6.529778486972371843e-01,6.381912472969094585e-01,6.230852537104570876e-01,6.076875381154728251e-01,5.920257728658153695e-01,5.761275488247235010e-01,5.600202949323316304e-01,5.437312014079072053e-01,5.272871469596303040e-01,5.107146303456109315e-01,4.940397065991634085e-01,4.772879281994398259e-01,4.604842914353993732e-01,4.436531881770546248e-01,4.268183632329443644e-01,4.100028774369903206e-01,3.932290765712987413e-01,3.765185661939799977e-01,3.598921924026550756e-01,3.433700285247728856e-01,3.269713676849964057e-01,3.107147211574698975e-01,2.946178223663422635e-01,2.786976363512735366e-01,2.629703744652759911e-01,2.474515140198727814e-01,2.321558225368696160e-01,2.170973862068845683e-01,2.022896420921674043e-01,1.877454135456152751e-01,1.734769482500783944e-01,1.594959582135193898e-01,1.458136609888655288e-01,1.324408213260103162e-01,1.193877924126264534e-01,1.066645558274310485e-01,9.428075932421868532e-02,8.224575160029531928e-02,7.056861329655304826e-02,5.925818365087435341e-02,4.832308251207608624e-02,3.777172785774834951e-02,2.761234959943608194e-02,1.785300137569495807e-02,8.501573330985407601e-03,-4.341892924854938592e-04,-8.946654331492318035e-03,-1.702824651061799269e-02,-2.467135030527752015e-02,-3.186814710723161193e-02,-3.861034927924091031e-02,-4.488877339770612485e-02,-5.069266130404306847e-02,-5.600859962634929801e-02,-6.081878497337465245e-02,-6.509819027882456088e-02,-6.880981833944782577e-02,-7.189648669832138239e-02,-7.426603158888883671e-02,-7.576340350791818667e-02,-7.611531785696795671e-02,-7.481486040614644673e-02,-7.087283898055211917e-02,-6.230586101104141489e-02,-4.551352511292305197e-02,-1.837425439769746829e-02
8.489295767251764380e-01,8.486363376307411999e-01,8.477704772637257857e-01,8.463331431257556936e-01,8.443260878971498018e-01,8.417517577380142502e-01,8.386132866451667667e-01,8.349144891575123184e-01,8.306598515057506127e-01,8.258545212583295880e-01,8.205042955183525777e-01,8.146156077330783951e-01,8.081955131851635832e-01,8.012516732423097254e-01,7.937923384493841272e-01,7.858263305543269350e-01,7.773630235661792565e-01,7.684123239504447866e-01,7.589846500735758505e-01,7.490909110147978556e-01,7.387424848695964830e-01,7.279511966750621399e-01,7.167292960928831613e-01,7.050894349910455938e-01,6.930446450702471006e-01,6.806083156856319594e-01,6.677941720186439944e-01,6.546162537575472840e-01,6.410888944484274266e-01,6.272267016811813312e-01,6.130445382770577378e-01,5.985575046455936521e-01,5.837809224792355201e-01,5.687303199533034759e-01,5.534214185971609856e-01,5.378701219991800508e-01,5.220925065031645218e-01,5.061048140469532886e-01,4.899234472846122346e-01,4.735649671215692025e-01,4.570460927767276416e-01,4.403837044664845601e-01,4.235948487821016295e-01,4.066967468033386157e-01,3.897068049569556991e-01,3.726426285878862155e-01,3.555220381627560711e-01,3.383630879692927640e-01,3.211840871102784045e-01,3.040036225165211881e-01,2.868405836195642156e-01,2.697141882314396666e-01,2.526440090763456547e-01,2.356500003088126405e-01,2.187525232369539052e-01,2.019723703512089630e-01,1.853307866436832985e-01,1.688494870979503626e-01,1.525506691439297569e-01,1.364570188203456380e-01,1.205917093857094419e-01,1.049783911902378020e-01,8.964117179458512552e-02,7.460458563386045128e-02,5.989355302489240279e-02,4.553332906322762191e-02,3.154944403634037803e-02,1.796763850344569938e-02,4.813798319179127781e-03,-7.886102157737487003e-03,-2.010603627005013924e-02,-3.181992235377111705e-02,-4.300155515119776645e-02,-5.362443143235243181e-02,-6.366140985995312473e-02,-7.308411297517324046e-02,-8.186192572722544858e-02,-8.996035285591885700e-02,-9.733833284254908569e-02,-1.039438009321430600e-01,-1.097062054118872476e-01,-1.145234997187268011e-01,-1.182386539478582771e-01,-1.205952899751214502e-01,-1.211496069739480125e-01,-1.190866763778708204e-01,-1.128245105920839958e-01,-9.919882706981719700e-02,-7.247118810577908576e-02,-2.925949007634729912e-02
8.489295767251764380e-01,8.485211752847781064e-01,8.473101629792393341e-01,8.452995689375232269e-01,8.424942642867864206e-01,8.389010350917426306e-01,8.345285530948824970e-01,8.293873383420024004e-01,8.234897139938195387e-01,8.168497536219975208e-01,8.094832213299785195e-01,8.014075050825351099e-01,7.926415436690592564e-01,7.832057477634477571e-01,7.731219155775949092e-01,7.624131436357272085e-01,7.511037332228843733e-01,7.392190930825932593e-01,7.267856389561150321e-01,7.138306905684550507e-01,7.003823666746225030e-01,6.864694787833794942e-01,6.721214241750304019e-01,6.573680788247153739e-01,6.422396908333585230e-01,6.267667749550258627e-01,6.109800087921198886e-01,5.949101312089427607e-01,5.785878434896946088e-01,5.620437137394835858e-01,5.453080849964574428e-01,5.284109874901109505e-01,5.113820554454602263e-01,4.942504487953521819e-01,4.770447801240234598e-01,4.597930471243085737e-01,4.425225708090141929e-01,4.252599396739779603e-01,4.080309599665554732e-01,3.908606121688272816e-01,3.737730137597988778e-01,3.567913882754858990e-01,3.399380406399564736e-01,3.232343386943427044e-01,3.067007008043969862e-01,2.903565893804926357e-01,2.742205100969608567e-01,2.583100165503945944e-01,2.426417200490941506e-01,2.272313041783295962e-01,2.120935437388783984e-01,1.972423276097916567e-01,1.826906850413394789e-01,1.684508148417148687e-01,1.545341168828189560e-01,1.409512253185901953e-01,1.277120428867932755e-01,1.148257756558463405e-01,1.023009675872597890e-01,9.014553431832918184e-02,7.836679563715820418e-02,6.697150623409052483e-02,5.596588448384638703e-02,4.535563925940182955e-02,3.514599512535097198e-02,2.534171673687522428e-02,1.594713392391250428e-02,6.966169830546120947e-03,-1.597624302078190766e-03,-9.741022436079634431e-03,-1.746105747736349800e-02,-2.475492440454756318e-02,-3.161983669800359081e-02,-3.805281231265403297e-02,-4.405035338752975177e-02,-4.960796432299129088e-02,-5.471942004796331166e-02,-5.937563943311465614e-02,-6.356291685802212266e-02,-6.726007559815096182e-02,-7.043374153064475840e-02,-7.303020220989739353e-02,-7.496077782036468518e-02,-7.607425520568696087e-02,-7.610221917049388163e-02,-7.454506840566550718e-02,-7.042637834327192259e-02,-6.178713593711280400e-02,-4.507039215748067512e-02,-1.818009292059075827e-02
8.489295767251764380e-01,8.481989818044990415e-01,8.460232357340783382e-01,8.424117575554884718e-01,8.373800034538549930e-01,8.309494634633612931e-01,8.231475242755813548e-01,8.140072948919278017e-01,8.035673967180996247e-01,7.918717199509609506e-01,7.789691483861155286e-01,7.649132550318913371e-01,7.497619711461119829e-01,7.335772315129730492e-01,7.164245989465026776e-01,6.983728711428565106e-01,6.794936731050211787e-01,6.598610384298148057e-01,6.395509827781643564e-01,6.186410728459590391e-01,5.972099941150296187e-01,5.753371205932346077e-01,5.531020896509046825e-01,5.305843849299187731e-01,5.078629301438547516e-01,4.850156964055410413e-01,4.621193255148038914e-01,4.392487714173125557e-01,4.164769618083440372e-01,3.938744816063284304e-01,3.715092797636853628e-01,3.494464006197036121e-01,3.277477407358960759e-01,3.064718318911482386e-01,2.856736506554736765e-01,2.654044547101049312e-01,2.457116458409347171e-01,2.266386593043001330e-01,2.082248790513867298e-01,1.905055781020743022e-01,1.735118831826256980e-01,1.572707625860371994e-01,1.418050360801696441e-01,1.271334055781486727e-01,1.132705051986926947e-01,1.002269692813815560e-01,8.800951688369879067e-02,7.662105127283143358e-02,6.606077293525278171e-02,5.632430466035909244e-02,4.740382730982659748e-02,3.928822496036619982e-02,3.196323820239858893e-02,2.541162448839724350e-02,1.961332454928781457e-02,1.454563403181905606e-02,1.018337964974007012e-02,6.499099281725243329e-03,3.463225582976014582e-03,1.044272797880267667e-03,-7.909734407548205982e-04,-2.077263474612953739e-03,-2.850688272220858795e-03,-3.148481534504326933e-03,-3.008819527755176183e-03,-2.470619121545931593e-03,-1.573334828552643396e-03,-3.567561083412973161e-04,1.139193151823574912e-03,2.874650171206619489e-03,4.809999788974330878e-03,6.906046216056657694e-03,9.124161862195638226e-03,1.142640151847645197e-02,1.377556475079085019e-02,1.613518074011201925e-02,1.846937554147122865e-02,2.074255718465481402e-02,2.291881015603776037e-02,2.496080934237008067e-02,2.682790633942095868e-02,2.847272509954922037e-02,2.983494075478847207e-02,3.082946002210771447e-02,3.132289323168697265e-02,3.108442343688179801e-02,2.967986902962234039e-02,2.625351905123812779e-02,1.926268360118884443e-02,7.797223862275049801e-03
8.489295767251764380e-01,8.476702304572841795e-01,8.439125514224159463e-01,8.376797262986460657e-01,8.290099814455788030e-01,8.179563472491067078e-01,8.045861976899845169e-01,7.889806676815914743e-01,7.712339550239954988e-01,7.514525150656354846e-01,7.297541573341348453e-01,7.062670544349418655e-01,6.811286744031116447e-01,6.544846484178311607e-01,6.264875863427680214e-01,5.972958529326863886e-01,5.670723177457333009e-01,5.359830918221052398e-01,5.041962640372674720e-01,4.718806497179726667e-01,4.392045636312896240e-01,4.063346288321623145e-01,3.734346320974110678e-01,3.406644357989180860e-01,3.081789550929962540e-01,2.761272082444404807e-01,2.446514467812973270e-01,2.138863710089790593e-01,1.839584352189103100e-01,1.549852457262837213e-01,1.270750536815493104e-01,1.003263434381204411e-01,7.482751614030358489e-02,5.065666713488954642e-02,2.788145482025379193e-02,6.559057638823387500e-03,-1.326378489795921635e-02,-3.155065198174072244e-02,-4.827524752091252869e-02,-6.342113834817106333e-02,-7.698143097363295551e-02,-8.895839352580880988e-02,-9.936302970675787993e-02,-1.082146116684136461e-01,-1.155401786989697366e-01,-1.213740084975050149e-01,-1.257570676185182923e-01,-1.287364473938486797e-01,-1.303647912962364597e-01,-1.306997193060552842e-01,-1.298032543904875102e-01,-1.277412557132582560e-01,-1.245828626739157452e-01,-1.203999533402454192e-01,-1.152666202975607401e-01,-1.092586664071499014e-01,-1.024531224562440224e-01,-9.492778820783832894e-02,-8.676079793576133015e-02,-7.803021117525692218e-02,-6.881362915065890318e-02,-5.918783718022150447e-02,-4.922847332845651375e-02,-3.900972370719092697e-02,-2.860404515448895790e-02,-1.808191659250278291e-02,-7.511621245789649494e-03,3.040936817042194044e-03,1.351237653488572554e-02,2.384193624040264331e-02,3.397151104833470020e-02,4.384561437348049456e-02,5.341123874986037495e-02,6.261757892136417258e-02,7.141556087949176013e-02,7.975708904330429394e-02,8.759387077805573518e-02,9.487558534936042787e-02,1.015469990359358088e-01,1.075433207258659069e-01,1.127824992525430919e-01,1.171519724001469087e-01,1.204848784903251174e-01,1.225152592302262838e-01,1.227892488213852690e-01,1.204799337973444656e-01,1.139883996054951582e-01,1.001223018534389553e-01,7.309643412089647518e-02,2.950045358077935109e-02
8.489295767251764380e-01,8.469356962311730408e-01,8.409827678009832441e-01,8.311197574167383806e-01,8.174274385471249627e-01,8.000175734645933456e-01,7.790316481954913108e-01,7.546392786561285648e-01,7.270363115526731201e-01,6.964426478850189728e-01,6.630998206903457870e-01,6.272683618838119646e-01,5.892249956462123350e-01,5.492596977329071706e-01,5.076726613112495512e-01,4.647712104662501398e-01,4.208667023522192352e-01,3.762714581314585138e-01,3.312957613632221965e-01,2.862449604324604491e-01,2.414167089947741318e-01,1.970983753268973071e-01,1.535646479839406220e-01,1.110753613538629503e-01,6.987356064822192181e-02,3.018382165958092764e-02,-7.789163666680838129e-03,-4.386172907422439260e-02,-7.787210067123837010e-02,-1.096809898957122609e-01,-1.391719180424419167e-01,-1.662512811617579134e-01,-1.908481673517933297e-01,-2.129139413123994906e-01,-2.324216134796379118e-01,-2.493650130951326205e-01,-2.637577861731806861e-01,-2.756322405092794803e-01,-2.850380606327621580e-01,-2.920409159584825276e-01,-2.967209853593675284e-01,-2.991714209903903465e-01,-2.994967734778872237e-01,-2.978113995821634608e-01,-2.942378721854555512e-01,-2.889054109924082958e-01,-2.819483506982590204e-01,-2.735046616226243787e-01,-2.637145359651100196e-01,-2.527190509520709782e-01,-2.406589182488398648e-01,-2.276733271427593963e-01,-2.138988871905684042e-01,-1.994686742968042048e-01,-1.845113825721227396e-01,-1.691505828325167438e-01,-1.535040872595829775e-01,-1.376834185624979945e-01,-1.217933809755107344e-01,-1.059317295997966313e-01,-9.018893396315610933e-02,-7.464803123264787676e-02,-5.938456428231771861e-02,-4.446659980240149496e-02,-2.995482185604163641e-02,-1.590269677412015775e-02,-2.356706076826676176e-03,1.064335469850517454e-02,2.306401166974969899e-02,3.487768073880487957e-02,4.606216259588564316e-02,5.660005381179929185e-02,6.647805537645377905e-02,7.568614786945082606e-02,8.421658305062974803e-02,9.206260985926381646e-02,9.921679915747330658e-02,1.056687382760079230e-01,1.114016990267241991e-01,1.163875719892386307e-01,1.205787607047442700e-01,1.238945267227488517e-01,1.261967548846472387e-01,1.272445782225521682e-01,1.266046609591604533e-01,1.234643789707468436e-01,1.162294175539098362e-01,1.016953561056680999e-01,7.403975237888070493e-02,2.983167934495973422e-02
8.489295767251764380e-01,8.459964542215968608e-01,8.372403265943250128e-01,8.227543037118751901e-01,8.026918355861459853e-01,7.772646132032652311e-01,7.467395463711536951e-01,7.114349741617238543e-01,6.717161767602436440e-01,6.279902695306041061e-01,5.807005703518073325e-01,5.303205395287361457e-01,4.773473976719647127e-01,4.222955307788709423e-01,3.656897932919395133e-01,3.080588191777657858e-01,2.499284481356061072e-01,1.918153690333612715e-01,1.342210757548523703e-01,7.762622203979981095e-02,2.248545185537296001e-02,-3.077722936955010896e-02,-8.177248939691120211e-02,-1.301490691199133076e-01,-1.755965201126361563e-01,-2.178472650032707292e-01,-2.566779784709891654e-01,-2.919102986851055959e-01,-3.234108902247047057e-01,-3.510908897366598613e-01,-3.749047746447018992e-01,-3.948487029839653495e-01,-4.109583788145792504e-01,-4.233065026134758546e-01,-4.319998695414466461e-01,-4.371761805538250112e-01,-4.390006320209070556e-01,-4.376623489299383274e-01,-4.333707249597755218e-01,-4.263517298775317821e-01,-4.168442409439362950e-01,-4.050964504812595290e-01,-3.913623966105997942e-01,-3.758986585612939524e-01,-3.589612520486756275e-01,-3.408027541551855166e-01,-3.216696810723504996e-01,-3.018001360934644550e-01,-2.814217395009818712e-01,-2.607498465650007202e-01,-2.399860548396366144e-01,-2.193169973755854096e-01,-1.989134144058959663e-01,-1.789294925379276147e-01,-1.595024575121606059e-01,-1.407524041684884708e-01,-1.227823453804537251e-01,-1.056784603543513001e-01,-8.951052181055269008e-02,-7.433248112888361792e-02,-6.018319050309873380e-02,-4.708724146284299500e-02,-3.505589973520040203e-02,-2.408811728336873390e-02,-1.417160343199693091e-02,-5.283938228409484211e-03,2.606287433085666821e-03,9.538318896107683340e-03,1.555808438197727080e-02,2.071705174577944883e-02,2.507110389570875453e-02,2.867943904197737051e-02,3.160349895651863583e-02,3.390592442616366387e-02,3.564953136198956152e-02,3.689629233680659370e-02,3.770629439612554340e-02,3.813662058735593080e-02,3.824006157246107734e-02,3.806348845170523520e-02,3.764557411659750358e-02,3.701326317881458577e-02,3.617578979218782215e-02,3.511372693794000133e-02,3.375754487296923206e-02,3.194312924287132094e-02,2.931608684788526015e-02,2.513480921328677814e-02,1.803087987182921612e-02,7.199867118310346314e-03
8.489295767251764380e-01,8.448538774001307372e-01,8.326934288530770667e-01,8.126118590380539963e-01,7.848783840187623095e-01,7.498631615081124968e-01,7.080307917357421266e-01,6.599322105429920038e-01,6.061951517620020047e-01,5.475133853227033276e-01,4.846349615349904716e-01,4.183497100108858890e-01,3.494762533442325458e-01,2.788488007710219208e-01,2.073039856051226426e-01,1.356680024848160582e-01,6.474428675697696534e-02,-4.698040789878631801e-03,-7.193476447336492885e-02,-1.362960279482092751e-01,-1.971745113497885837e-01,-2.540322235310480403e-01,-3.064058356982040654e-01,-3.539105171064106381e-01,-3.962422671594330592e-01,-4.331787704276395812e-01,-4.645788310030566914e-01,-4.903804696010493069e-01,-5.105977903664281614e-01,-5.253167440466340876e-01,-5.346899297876560597e-01,-5.389305891530205006e-01,-5.383059530530965864e-01,-5.331301052105908989e-01,-5.237565247944340197e-01,-5.105704662369722202e-01,-4.939813263929336284e-01,-4.744151385463849513e-01,-4.523073198075746593e-01,-4.280957836720584164e-01,-4.022145134526064481e-01,-3.750876754432970750e-01,-3.471243335146940168e-01,-3.187138098133983632e-01,-2.902217197481881672e-01,-2.619866938355756014e-01,-2.343177845403033865e-01,-2.074925432115953816e-01,-1.817557407542186310e-01,-1.573186958962683735e-01,-1.343591668788087501e-01,-1.130217561006841842e-01,-9.341877266342314690e-02,-7.563149479535437314e-02,-5.971177267648256071e-02,-4.568391209641676359e-02,-3.354678049690081737e-02,-2.327607910590209425e-02,-1.482672788251801661e-02,-8.135313680282049362e-03,-3.122556223260542722e-03,3.042489962115495781e-04,2.248847108620733934e-03,2.823731061172373921e-03,2.147966556148198092e-03,3.451573583559794010e-04,-2.458430337825535938e-03,-6.135569209995210896e-03,-1.055958525648838242e-02,-1.560567475486840210e-02,-2.115201382380131959e-02,-2.708064981363317303e-02,-3.327816054979115812e-02,-3.963606067355258944e-02,-4.605092179576055628e-02,-5.242415102447290504e-02,-5.866133354887697465e-02,-6.467097599156797216e-02,-7.036236220694863652e-02,-7.564199986204778181e-02,-8.040768533720397959e-02,-8.453830870784594109e-02,-8.787562073525860551e-02,-9.019001668543699668e-02,-9.111286590891716497e-02,-8.999564083615128884e-02,-8.560657355266251822e-02,-7.550627250369898458e-02,-5.528805206769856623e-02,-2.235279318852387634e-02
8.489295767251764380e-01,8.435096337729884874e-01,8.273520037104837854e-01,8.007267947502285654e-01,7.640774549223700030e-01,7.180114344724272124e-01,6.632873183040683962e-01,6.007988671450799067e-01,5.315563798979463517e-01,4.566658541940238347e-01,3.773064721460472337e-01,2.947069723250214102e-01,2.101214863174657443e-01,1.248054186762078271e-01,3.999193306730872838e-02,-4.313042411238593443e-02,-1.234384769729766074e-01,-1.998931223516846323e-01,-2.715556209299710977e-01,-3.376011924709512724e-01,-3.973297106155124214e-01,-4.501733751320834975e-01,-4.957013215965672681e-01,-5.336212077098312356e-01,-5.637778895855052319e-01,-5.861493683965679491e-01,-6.008402461341325607e-01,-6.080729776653294172e-01,-6.081772439392749696e-01,-6.015777976446743391e-01,-5.887811478257632958e-01,-5.703614542371412410e-01,-5.469459962127075636e-01,-5.192005654703836237e-01,-4.878151087299982813e-01,-4.534899156125231645e-01,-4.169226114494128388e-01,-3.787961748460392797e-01,-3.397681575933312326e-01,-3.004612412322288373e-01,-2.614552215740421626e-01,-2.232804709607352500e-01,-1.864128890462777299e-01,-1.512703172487804004e-01,-1.182103604287987331e-01,-8.752953226666107533e-02,-5.946361852857156433e-02,-3.418913503987436320e-02,-1.182574467625569468e-02,7.560510147974932975e-03,2.395330647703801732e-02,3.738161777050840601e-02,4.791491128598646121e-02,5.565810136277184877e-02,6.074638464904628943e-02,6.334007198645399961e-02,6.361951897407529255e-02,6.178024368354739781e-02,5.802830605395740970e-02,5.257600957696641208e-02,4.563797235399666419e-02,3.742760177738894967e-02,2.815399521079150341e-02,1.801927832389783879e-02,7.216383332081022228e-03,-4.072738572847926439e-03,-1.567848273347646065e-02,-2.744455137928045532e-02,-3.922852869881117421e-02,-5.090209148290967406e-02,-6.235087479293523194e-02,-7.347400770285170135e-02,-8.418332563596413187e-02,-9.440225120624774757e-02,-1.040643113047687446e-01,-1.131112181853593801e-01,-1.214903749945819567e-01,-1.291515498504323400e-01,-1.360422549828389505e-01,-1.421009836377442326e-01,-1.472467198342579664e-01,-1.513616581425934471e-01,-1.542609750909393340e-01,-1.556367083727193956e-01,-1.549472929419362099e-01,-1.511880450792828512e-01,-1.423972740569422468e-01,-1.246399090087909889e-01,-9.077094725704722145e-02,-3.657950463849839878e-02
8.489295767251764380e-01,8.419656829390151920e-01,8.212276707205665716e-01,7.871391634495088496e-01,7.403938733023502916e-01,6.819381469624131720e-01,6.129471435370006382e-01,5.347954748164093219e-01,4.490231940080717243e-01,3.572981485923091283e-01,2.613758066298422778e-01,1.630577209250373416e-01,6.414981073315703664e-02,-3.357838340492157875e-02,-1.284323776899649328e-01,-2.188283576660732532e-01,-3.033248524502221710e-01,-3.806497470864071420e-01,-4.497220768334851404e-01,-5.096682257141563754e-01,-5.598323345773900117e-01,-5.997809046090991636e-01,-6.293017544330521407e-01,-6.483976470921779534e-01,-6.572750425471379776e-01,-6.563285481168449342e-01,-6.461217308339344267e-01,-6.273650204326944868e-01,-6.008914691673471475e-01,-5.676311454602125384e-01,-5.285849240333634347e-01,-4.847983980285679451e-01,-4.373365816699361641e-01,-3.872599987576350600e-01,-3.356026664918593250e-01,-2.833523897376383216e-01,-2.314336817430132087e-01,-1.806935272230815459e-01,-1.318901060191230157e-01,-8.568450322441960310e-02,-4.263534724044717311e-02,-3.196242663301494206e-03,3.228419837639046747e-02,6.355997390762674337e-02,9.048324492056754320e-02,1.129981355240570057e-01,1.311331070029036483e-01,1.449922356114749233e-01,1.547457173816467191e-01,1.606199081624620217e-01,1.628871850188426673e-01,1.618558875250565021e-01,1.578605659150423834e-01,1.512527289544470244e-01,1.423922491308897698e-01,1.316395475325124187e-01,1.193486466499532328e-01,1.058611471658550962e-01,9.150115527844066010e-02,7.657116075154458967e-02,6.134884303199021616e-02,4.608476360980598430e-02,3.100088736403664932e-02,1.628986386809151005e-02,2.114991364135219033e-03,-1.138921886936020665e-02,-2.411596200267048656e-02,-3.598462646569641765e-02,-4.693892829202320205e-02,-5.694476762912328155e-02,-6.598787422927222812e-02,-7.407129853408311870e-02,-8.121279190029767614e-02,-8.744210252602759026e-02,-9.279819065310278281e-02,-9.732633374196136833e-02,-1.010750422223366668e-01,-1.040926251824038223e-01,-1.064231057681196552e-01,-1.081009332889828756e-01,-1.091434583948141940e-01,-1.095391795586330291e-01,-1.092277667701775784e-01,-1.080634832291647446e-01,-1.057436075729644570e-01,-1.016600372273027547e-01,-9.458018112307960135e-02,-8.199038914664229238e-02,-5.929716976850485377e-02,-2.379601381350282194e-02
8.489295767251764380e-01,8.402242720589865321e-01,8.143336959980929102e-01,7.718944716313380638e-01,7.139461053108325794e-01,6.419001985209944472e-01,5.574987438021936637e-01,4.627630782359216655e-01,3.599352738566953813e-01,2.514139844308733718e-01,1.396869268216126281e-01,2.726224761578847564e-02,-8.339898922694598260e-02,-1.899470573823361652e-01,-2.902026069669610409e-01,-3.822087740244667353e-01,-4.642749491980862619e-01,-5.350111372075319061e-01,-5.933522077360824376e-01,-6.385717171383649138e-01,-6.702853532705885797e-01,-6.884444080367317920e-01,-6.933200009205975345e-01,-6.854790509981897317e-01,-6.657532164101042094e-01,-6.352021835037406916e-01,-5.950727901563439559e-01,-5.467555092579531317e-01,-4.917398016306402941e-01,-4.315697777036338612e-01,-3.678014908271766692e-01,-3.019630303681078431e-01,-2.355183987837614623e-01,-1.698359532480087919e-01,-1.061619786064860738e-01,-4.559974352292326533e-02,1.090581610157512725e-02,6.257783583316810228e-02,1.088119062313569196e-01,1.491754725528675607e-01,1.834027429987823143e-01,2.113856896490733939e-01,2.331617885327376682e-01,2.488991790612758992e-01,2.588799302733843510e-01,2.634820847756436102e-01,2.631611142898123146e-01,2.584313670851302036e-01,2.498480212135373579e-01,2.379899822981411395e-01,2.234440844030193274e-01,2.067908706883241077e-01,1.885921501820623514e-01,1.693804506647938191e-01,1.496504174458809233e-01,1.298521452733697179e-01,1.103863768236848092e-01,9.160145675027106527e-02,7.379189529616717036e-02,5.719836979189301535e-02,4.200897546235651814e-02,2.836152811403004625e-02,1.634671955484931494e-02,6.011930992980378009e-03,-2.634480908689599502e-03,-9.618597260260795118e-03,-1.499620510364308053e-02,-1.884805794895482237e-02,-2.127524693023481045e-02,-2.239478144040728258e-02,-2.233545929143227957e-02,-2.123408888673429529e-02,-1.923211026576223878e-02,-1.647264893605890346e-02,-1.309802712749153809e-02,-9.247752983257986892e-03,-5.057011803905544708e-03,-6.556994972017187459e-04,3.831924025834502947e-03,8.286806273311159154e-03,1.259358734532578170e-02,1.663736986522180994e-02,2.029747439895849409e-02,2.343540888374913075e-02,2.587091459673870539e-02,2.733208096293822040e-02,2.734802482496595175e-02,2.502814759141659337e-02,1.879359440800840164e-02,7.710426818582054830e-03
8.489295767251764380e-01,8.382879312499715851e-01,8.066849424154577397e-01,7.550434230861753360e-01,6.848653470599747051e-01,5.981800986991510083e-01,4.974748497785720369e-01,3.856099751856971736e-01,2.657228806532749288e-01,1.411240299334601822e-01,1.518920062095177430e-02,-1.087479406064347509e-01,-2.274989698097709678e-01,-3.381158568885063720e-01,-4.379748839859621823e-01,-5.248466398689393131e-01,-5.969500539020908825e-01,-6.529891485495215031e-01,-6.921719295503341307e-01,-7.142115630048628816e-01,-7.193106757915456173e-01,-7.081302310663117883e-01,-6.817449502611048207e-01,-6.415876592385763022e-01,-5.893852179139427161e-01,-5.270888452937709800e-01,-4.568016775685928565e-01,-3.807063036095092445e-01,-3.009948229942611686e-01,-2.198036835575057912e-01,-1.391551982608337512e-01,-6.090723631474041777e-02,1.328784728315251205e-02,8.201441530732797580e-02,1.441146778037016019e-01,1.986999306129038356e-01,2.451524315068593918e-01,2.831187330912045552e-01,3.124955206123867235e-01,3.334091670883460590e-01,3.461903178886918675e-01,3.513448550384878355e-01,3.495225735217090124e-01,3.414848349789766369e-01,3.280723569716947341e-01,3.101741576783779708e-01,2.886985159456735284e-01,2.645466342073874988e-01,2.385895154164659471e-01,2.116483923485723839e-01,1.844788847949822563e-01,1.577589123293422768e-01,1.320802612255799202e-01,1.079435961262260463e-01,8.575662138675790858e-02,6.583503373238859535e-02,4.840586610711601623e-02,3.361280076888468332e-02,2.152302562445250478e-02,1.213521895790319396e-02,5.388271332095225484e-03,1.170386717076957747e-03,-6.717549252419219167e-04,-3.240468764955883288e-04,2.003556479642067904e-03,6.084932772906286209e-03,1.168492991628938306e-02,1.856565503842851766e-02,2.649185649373224719e-02,3.523537290273390937e-02,4.457864851520391969e-02,5.431733247853832991e-02,6.426198972217053718e-02,7.423895137490667262e-02,8.409031982531943450e-02,9.367311204076737841e-02,1.028574639149820169e-01,1.115237077686437872e-01,1.195579345007791172e-01,1.268452799407893961e-01,1.332594611671827356e-01,1.386456612713617698e-01,1.427908760636980856e-01,1.453692990439290622e-01,1.458353880687556225e-01,1.432023487765128333e-01,1.355661643970125230e-01,1.191267110859274697e-01,8.699693160504788636e-02,3.511677645668385972e-02
8.489295767251764380e-01,8.361594684204167738e-01,7.982978141446102072e-01,7.366416351249328587e-01,6.532945246756787228e-01,5.510831662098191197e-01,4.334457636141036962e-01,3.042975947175580176e-01,1.678797718962763141e-01,2.859796162833133995e-02,-1.091418624147110078e-01,-2.410935899060980270e-01,-3.633204008639335236e-01,-4.723274719746818895e-01,-5.651729433474499409e-01,-6.395532938238061016e-01,-6.938605800347213970e-01,-7.272103679493016060e-01,-7.394405518365166907e-01,-7.310825445419579793e-01,-7.033074728557432431e-01,-6.578509716737160895e-01,-5.969209031505566809e-01,-5.230928093130010614e-01,-4.391981308673826856e-01,-3.482101978369686046e-01,-2.531327388180226179e-01,-1.568951955300294521e-01,-6.225850670065144477e-02,2.826571569911987686e-02,1.124805077019269961e-01,1.885521004002662093e-01,2.550412420340485431e-01,3.109176094281220215e-01,3.555583008512954168e-01,3.887319689385934085e-01,4.105705920585559499e-01,4.215311879227255365e-01,4.223499444730177688e-01,4.139912870487317820e-01,3.975943300193408581e-01,3.744189922064531384e-01,3.457938080721102980e-01,3.130671618209554530e-01,2.775633303982688593e-01,2.405443640344969713e-01,2.031784777671349351e-01,1.665152899637511730e-01,1.314679369566933709e-01,9.880182592632526239e-02,6.912956733849533186e-02,4.291145668128806129e-02,2.046075331625804572e-02,1.952929958738670651e-03,-1.256196426619934046e-02,-2.314467638150912929e-02,-2.995066684410349969e-02,-3.321331507787741305e-02,-3.322707241717223758e-02,-3.033112500504725820e-02,-2.489402627853428210e-02,-1.729965472197826648e-02,-7.934751999649871865e-03,2.821797079287950791e-03,1.460786541331304984e-02,2.708516067245009956e-02,3.994453430271224098e-02,5.290962571654361096e-02,6.573897970389526446e-02,7.822679759552954304e-02,9.020249350851511361e-02,1.015292266289606199e-01,1.121015690920119101e-01,1.218424459295372325e-01,1.306994465164268704e-01,1.386405507710634366e-01,1.456492273714758423e-01,1.517187241474368953e-01,1.568451401143472479e-01,1.610184578168940284e-01,1.642099420454136705e-01,1.663527803156360230e-01,1.673096516585810822e-01,1.668139367176233179e-01,1.643553599159778833e-01,1.589436378339356692e-01,1.486009723781368808e-01,1.293184568187505101e-01,9.378655318681258790e-02,3.770006950862580392e-02
8.489295767251764380e-01,8.338419635634254368e-01,7.891901958628412261e-01,7.167493299019023212e-01,6.193872160680783390e-01,5.009345388626410545e-01,3.660123059381392707e-01,2.198257886579123854e-01,6.793541907913781819e-02,-8.398384586700928522e-02,-2.303828321251376876e-01,-3.660665786400708055e-01,-4.864002772386198381e-01,-5.874835985370349123e-01,-6.662862154991209263e-01,-7.207395888944169160e-01,-7.497825052801314616e-01,-7.533603104249966265e-01,-7.323801169980399539e-01,-6.886263570258209787e-01,-6.246427911903408292e-01,-5.435884000913198122e-01,-4.490754195254694214e-01,-3.449981268422506742e-01,-2.353608533121744895e-01,-1.241131303835210642e-01,-1.499894052147077855e-02,8.857418245236782506e-02,1.836418812524365785e-01,2.677627332216073741e-01,3.390697738040350795e-01,3.962939783216839484e-01,4.387612053667381828e-01,4.663652119744974289e-01,4.795202153587667104e-01,4.790970776245522256e-01,4.663475249767438102e-01,4.428208934243351713e-01,4.102777436631654950e-01,3.706043434142285986e-01,3.257315173105064243e-01,2.775607571070335400e-01,2.278998134658195007e-01,1.784092974000995868e-01,1.305611427006058423e-01,8.560915228465310056e-02,4.457129633642552963e-02,8.222965828750103748e-03,-2.289997831998444311e-02,-4.848977925558045632e-02,-6.844855755564827060e-02,-8.286492336975379014e-02,-9.198704700494444997e-02,-9.619371861617612152e-02,-9.596478441257540182e-02,-9.185216465019378773e-02,-8.445245242692325793e-02,-7.438187544422204811e-02,-6.225418721632381552e-02,-4.866184938723366882e-02,-3.416068034987347624e-02,-1.925798254377778310e-02,-4.404024861633911228e-03,1.001335110800960840e-02,2.367131193927338173e-02,3.631216436416340870e-02,4.774143139135354069e-02,5.782427339968471830e-02,6.648064524758827420e-02,7.367955646708115869e-02,7.943276686410916110e-02,8.378820739748879531e-02,8.682336863290093798e-02,8.863884825576714976e-02,8.935219602329755317e-02,8.909213871981702670e-02,8.799320656519901696e-02,8.619070976328249700e-02,8.381591599274980375e-02,8.099112875144727497e-02,7.782410385744570336e-02,7.440073919615866616e-02,7.077394086869960577e-02,6.694432242266230848e-02,6.282327056727043946e-02,5.815693738588185308e-02,5.236309964893291757e-02,4.419557655345703051e-02,3.133596022577680301e-02,1.242274207990855944e-02
8.489295767251764380e-01,8.313387625274282211e-01,7.793813869695394025e-01,6.954310032842104805e-01,5.833065055828033918e-01,4.480760331803890772e-01,2.957985049429567304e-01,1.332178168786994910e-01,-3.257284703121537950e-02,-1.944777318619728412e-01,-3.457371796959617383e-01,-4.802401302150930418e-01,-5.927943759415174041e-01,-6.793414494299790940e-01,-7.371066663684560094e-01,-7.646789242286197164e-01,-7.620190803936434110e-01,-7.303998290698162643e-01,-6.722837079499921487e-01,-5.911489784380630219e-01,-4.912754749123526832e-01,-3.775040076832181235e-01,-2.549834938748380964e-01,-1.289197056942752440e-01,-4.338447743276030617e-03,1.141257684740705075e-01,2.224067330780527540e-01,3.171429825593211071e-01,3.957701458079714296e-01,4.565683295517568574e-01,4.986661571399578774e-01,5.220052229128149257e-01,5.272704490518449472e-01,5.157930736533579141e-01,4.894337355464253858e-01,4.504533650500661124e-01,4.013793818450483997e-01,3.448741060298772254e-01,2.836113869453365521e-01,2.201663359925816188e-01,1.569218057878071781e-01,9.599397564570985586e-02,3.917816031339933780e-02,-1.208518014041009420e-02,-5.672523681141076329e-02,-9.403826083728540619e-02,-1.236699847149311110e-01,-1.455858427392266452e-01,-1.600319660440345515e-01,-1.674899382134016623e-01,-1.686281563118074145e-01,-1.642523805583350205e-01,-1.552577066400374073e-01,-1.425837902494106468e-01,-1.271747239434569132e-01,-1.099445382615671096e-01,-9.174889401088788532e-02,-7.336316748239414542e-02,-5.546681673769996573e-02,-3.863366179650883775e-02,-2.332751700750955448e-02,-9.902478882700360002e-03,1.392906910709954243e-03,1.040840612742201070e-02,1.708257969701191051e-02,2.143174191636940812e-02,2.353807520913104787e-02,2.353749773260230618e-02,2.160778495053975595e-02,1.795734830971621593e-02,1.281497886553749875e-02,6.420775641699798426e-03,-9.815985786527513419e-04,-9.151254195709196404e-03,-1.785496995984190219e-02,-2.687063530794595728e-02,-3.598922331459190882e-02,-4.501523006970427343e-02,-5.376540048593773935e-02,-6.206532322103732596e-02,-6.974300576972632115e-02,-7.661758767027701533e-02,-8.247935229572499194e-02,-8.705282438442610293e-02,-8.992475632903577931e-02,-9.039547571340296461e-02,-8.716020971095178593e-02,-7.765443967445569140e-02,-5.725768748825473681e-02,-2.324385986517044089e-02
8.489295767251764380e-01,8.286534702850870682e-01,7.688920311865728996e-01,6.727550738674369368e-01,5.452237832345220303e-01,3.928628938977291041e-01,2.234441416439601757e-01,4.550530623846175265e-02,-1.321271534213291077e-01,-3.008220599620263225e-01,-4.526045268927761378e-01,-5.805667391337812067e-01,-6.792052804106871733e-01,-7.446672707630865862e-01,-7.748940541976983010e-01,-7.696581408397598079e-01,-7.304960437593611688e-01,-6.605460690468425433e-01,-5.643055939665637677e-01,-4.473265713528177812e-01,-3.158707121937536222e-01,-1.765469296358006257e-01,-3.595320594657751972e-02,9.965678985497612719e-02,2.246650190964788185e-01,3.343249033867769504e-01,4.249326798126699112e-01,4.939299224217840178e-01,5.399373643565057446e-01,5.627242244081623879e-01,5.631206569551469032e-01,5.428835444948946209e-01,5.045275505616226841e-01,4.511341332697580420e-01,3.861511366405743217e-01,3.131947325964454798e-01,2.358640250466501331e-01,1.575767171813755863e-01,8.143206142602885111e-02,1.010503126438588167e-02,-5.422656823259077580e-02,-1.099223674852340960e-01,-1.558891367411861795e-01,-1.915633735715759345e-01,-2.168712143818730675e-01,-2.321707106524289466e-01,-2.381817376066222847e-01,-2.359086997405444863e-01,-2.265608210478474160e-01,-2.114742228895955256e-01,-1.920392668114770662e-01,-1.696358383085323773e-01,-1.455784294210105412e-01,-1.210720929432329979e-01,-9.717962812858872701e-02,-7.479974501784038277e-02,-5.465545886257989344e-02,-3.729159449060900910e-02,-2.308003120697685318e-02,-1.223118342752372613e-02,-4.810177168853283468e-03,-7.562310239927900720e-04,9.613597483229062814e-05,-2.004713369052530270e-03,-6.748934866170679288e-03,-1.378536249004797161e-02,-2.273980719853477966e-02,-3.323106854018050699e-02,-4.488440733956013118e-02,-5.734237834301927905e-02,-7.027304460577314671e-02,-8.337568878417417340e-02,-9.638419958039272373e-02,-1.090683438102356406e-01,-1.212331344202788874e-01,-1.327164679672910852e-01,-1.433851212725838764e-01,-1.531290437016035455e-01,-1.618536117031006139e-01,-1.694690275420145942e-01,-1.758751355222868962e-01,-1.809381380314464272e-01,-1.844519768802672655e-01,-1.860690350913703772e-01,-1.851663166043372444e-01,-1.805700450021874015e-01,-1.699655650143248875e-01,-1.486850169886229367e-01,-1.082327948743945639e-01,-4.360390339512508484e-02
8.489295767251764380e-01,8.257899437227924633e-01,7.577440419377030612e-01,6.487935148605676883e-01,5.053175006067321950e-01,3.356604741905790945e-01,1.495972651164524381e-01,-4.228654375006499905e-02,-2.292552844832331516e-01,-4.010793197725948667e-01,-5.486424028471067471e-01,-6.644607778063003067e-01,-7.430820283113437341e-01,-7.813413187251435632e-01,-7.784635939980081298e-01,-7.360116035063594131e-01,-6.576903912031137889e-01,-5.490283392936294860e-01,-4.169623075779566590e-01,-2.693594183186951430e-01,-1.145103665905911061e-01,3.937121054868811948e-02,1.846115803002623124e-01,3.144751222444438499e-01,4.234774524069364610e-01,5.076003533103370380e-01,5.644030369451130680e-01,5.930316113032095826e-01,5.941351566236914294e-01,5.697021432330138246e-01,5.228347717418658780e-01,4.574810630698171732e-01,3.781451811618862235e-01,2.895956658899258018e-01,1.965892131685519628e-01,1.036246550388814497e-01,1.473819004183485847e-02,-6.665297633949256173e-02,-1.378552919348315919e-01,-1.969521148830031543e-01,-2.428089554395410632e-01,-2.750365464719081721e-01,-2.939193295028842967e-01,-3.003179589360566171e-01,-2.955547550369837517e-01,-2.812907581474914931e-01,-2.594022638657647040e-01,-2.318635794937425332e-01,-2.006413683697626515e-01,-1.676044673044544409e-01,-1.344515857509917811e-01,-1.026579164840595859e-01,-7.344047662174507662e-02,-4.774100140997077774e-02,-2.622445538947267007e-02,-9.290710466890016866e-03,2.903344410062470068e-03,1.041407674330726944e-02,1.347648933915078506e-02,1.246719991629875388e-02,7.867194690811775068e-03,2.261488043861546531e-04,-9.870298727353460019e-03,-2.182932972413362607e-02,-3.507518165991256598e-02,-4.906855758532569639e-02,-6.332121861086949244e-02,-7.740599163301482843e-02,-9.096259215947587184e-02,-1.036997737853199153e-01,-1.153943770435641863e-01,-1.258878673441996832e-01,-1.350809312802558337e-01,-1.429266489003882812e-01,-1.494226811133803900e-01,-1.546028074839341515e-01,-1.585280159205014749e-01,-1.612771675162420759e-01,-1.629370029022601529e-01,-1.635908472034998395e-01,-1.633046510450566757e-01,-1.621076281742364344e-01,-1.599619268502139868e-01,-1.567096369236506692e-01,-1.519714580576388974e-01,-1.449387086931364643e-01,-1.339277930874649414e-01,-1.154647050296195021e-01,-8.317145346407606166e-02,-3.329520331898585400e-02
8.489295767251764380e-01,8.227522839745358141e-01,7.459605239221828166e-01,6.236214716591468310e-01,4.637718957270081099e-01,2.768408874837095524e-01,7.490678905323956693e-02,-1.291532482877197630e-01,-3.225552295190244334e-01,-4.934740403649316987e-01,-6.318189018735865803e-01,-7.298634411038039671e-01,-7.826884257121639044e-01,-7.884113332029123455e-01,-7.481945064907067344e-01,-6.660411167251396591e-01,-5.484040273828145740e-01,-4.036456657501386602e-01,-2.413962204145516099e-01,-7.186235141472037402e-02,9.486100263514170294e-02,2.494269331093983411e-01,3.837795674060526796e-01,4.915724101981421290e-01,5.684423546245803704e-01,6.121319385320060924e-01,6.224641591074583369e-01,6.011844908146631861e-01,5.516929799985328398e-01,4.786949669940730456e-01,3.878019269007697001e-01,2.851141862892063172e-01,1.768151429417029741e-01,6.880253257830760971e-02,-3.362319959099777794e-02,-1.259996577377940352e-01,-2.048651350298741070e-01,-2.678420955832832018e-01,-3.136459375502329006e-01,-3.420279071456724940e-01,-3.536642331841286513e-01,-3.500054587971151987e-01,-3.331006099155395805e-01,-3.054103962315041776e-01,-2.696222907728358376e-01,-2.284783171625275888e-01,-1.846239392735441187e-01,-1.404838365521795529e-01,-9.816777278469993040e-02,-5.940740038449580235e-02,-2.552281452346615367e-02,2.583937584703671023e-03,2.441234126744732183e-02,3.982854474778213527e-02,4.901707340533765361e-02,5.242399329147279241e-02,5.069602920150770298e-02,4.461957310530563492e-02,3.506281672294488810e-02,2.292347819369905393e-02,9.083827765021154979e-03,-5.626000410046208718e-03,-2.045605867123410915e-02,-3.475617721331137472e-02,-4.798768981746982798e-02,-5.972818507945205219e-02,-6.967036170617628421e-02,-7.761615581295029653e-02,-8.346731511802726877e-02,-8.721353685081079110e-02,-8.891918056002193205e-02,-8.870943030377753669e-02,-8.675662756836553802e-02,-8.326733902935817833e-02,-7.847057177552846374e-02,-7.260741027779978041e-02,-6.592222949592943526e-02,-5.865554078989746595e-02,-5.103845475803664433e-02,-4.328870159174495053e-02,-3.560814257761122509e-02,-2.818175355093345547e-02,-2.117820463319322610e-02,-1.475250348985243480e-02,-9.051965580449582854e-03,-4.228635314501170452e-03,-4.654079149411900155e-04,1.971128036502893099e-03,2.666645564361122978e-03,1.371342747953295874e-03
8.489295767251764380e-01,8.195448283252519950e-01,7.335656913143201452e-01,5.973168679926775804e-01,4.207756992949614472e-01,2.167796710512077674e-01,1.527650296265685513e-05,-2.141245757373972936e-01,-4.107176008999423589e-01,-5.764256889672789708e-01,-7.004549939710305040e-01,-7.752884419182864972e-01,-7.971385335459256760e-01,-7.660941638020518640e-01,-6.859622964032044967e-01,-5.638311308439981628e-01,-4.094035485497777294e-01,-2.341662719851279884e-01,-5.047010301201843713e-02,1.294006651857464441e-01,2.940958109456803249e-01,4.339402010426197664e-01,5.414997664729884752e-01,6.119419359785609469e-01,6.431791292869043497e-01,6.358023255749711833e-01,5.928278790586316571e-01,5.192934462270645257e-01,4.217473522737170133e-01,3.076796596709420184e-01,1.849427562445409012e-01,6.120498009128914202e-02,-5.652654405088814588e-02,-1.622870821995043011e-01,-2.514231189734750238e-01,-3.207428952687289003e-01,-3.685522800277404865e-01,-3.945876313189191076e-01,-3.998633500254534234e-01,-3.864556804860792005e-01,-3.572459712520029695e-01,-3.156462656344169448e-01,-2.653280751172382157e-01,-2.099719162159320307e-01,-1.530511173340460274e-01,-9.765897245876359323e-02,-4.638393351726504549e-02,-1.233521421515389009e-03,3.639576122861067076e-02,6.570786532234791644e-02,8.646313339462549652e-02,9.890888837111258547e-02,1.036930745570537327e-01,1.017689856146764965e-01,9.429826892467800536e-02,8.255822306067035765e-02,6.785805107824179061e-02,5.146732725143786380e-02,3.455858648996749938e-02,1.816473541894753421e-02,3.150966541443472792e-03,-9.799938737444479839e-03,-2.019059895977398308e-02,-2.770234197333018566e-02,-3.218101624915176151e-02,-3.361747522187119586e-02,-3.212476817671230250e-02,-2.791384318263904693e-02,-2.126928362994720892e-02,-1.252629064660987397e-02,-2.049814528086935789e-03,9.783550653318238283e-03,2.260054907165103336e-02,3.604297017498801770e-02,4.977608480812389241e-02,6.349391085247968469e-02,7.692143670583331816e-02,8.981387300609926239e-02,1.019528223963577784e-01,1.131388744636781934e-01,1.231793757302232228e-01,1.318686096758496240e-01,1.389544718782882438e-01,1.440788605303079395e-01,1.466633653842361051e-01,1.456753319257949875e-01,1.391282616825141871e-01,1.230570069952541118e-01,9.027170013017821182e-02,3.653478143590169896e-02
8.489295767251764380e-01,8.161721417098865006e-01,7.205847830342607674e-01,5.699600035709585510e-01,3.765208345539834967e-01,1.558525003874509651e-01,-7.444798670956705167e-02,-2.962771183080878390e-01,-4.925455137842024711e-01,-6.485759008240236101e-01,-7.532556271532528935e-01,-7.998476582712528149e-01,-7.863992966241760696e-01,-7.157277161328270410e-01,-5.950015941512971640e-01,-4.349745531010655308e-01,-2.489553126154683826e-01,-5.161887081937163724e-02,1.422286740970372110e-01,3.188219908790294044e-01,4.664485066144064551e-01,5.762251951323641430e-01,6.425914879257126344e-01,6.634986586718160106e-01,6.403044099750976326e-01,5.774064409079403548e-01,4.816684073634022178e-01,3.617045655108668267e-01,2.270949842496516047e-01,8.760177517316694584e-02,-4.755076888709783289e-02,-1.702815086471783090e-01,-2.741079437700982835e-01,-3.544330699480939817e-01,-4.086609550587668171e-01,-4.361526848799064382e-01,-4.380457666975796638e-01,-4.169680245782761974e-01,-3.766812616520116008e-01,-3.216906650334520057e-01,-2.568535514023895239e-01,-1.870162682297055179e-01,-1.167016609558886725e-01,-4.986229277751555444e-02,1.029269588084988363e-02,6.139595218388028269e-02,1.019500975693048983e-01,1.312947518528613522e-01,1.495243812756840984e-01,1.573704973187833867e-01,1.560619774932226755e-01,1.471764462352374569e-01,1.324940100922333830e-01,1.138624684953679633e-01,9.308068931401773660e-02,7.180438395935176410e-02,5.147623071821171015e-02,3.328031532903848178e-02,1.811926968633230731e-02,6.611329520869234887e-03,-8.962044871439778801e-04,-4.300966445042706497e-03,-3.710868812573822010e-03,5.955688508261069297e-04,8.210692971964235129e-03,1.863832223938546168e-02,3.133141557135904476e-02,4.572532770090022292e-02,6.126573550985539574e-02,7.743080685415366926e-02,9.374758638978981928e-02,1.098028820267328565e-01,1.252491505559877594e-01,1.398060059165593672e-01,1.532580146298294366e-01,1.654494048231330838e-01,1.762761966176763229e-01,1.856760475134504595e-01,1.936157541354835976e-01,2.000757618089599177e-01,2.050299849282286313e-01,2.084172413405820101e-01,2.100965249025832093e-01,2.097695097449449597e-01,2.068336033836943311e-01,2.000820143767256254e-01,1.870631990142152534e-01,1.627663839937893986e-01,1.180231079750286849e-01,4.743633064201897842e-02
8.489295767251764380e-01,8.126390078355295588e-01,7.070439755454509534e-01,5.416331461641873402e-01,3.312011228622763204e-01,9.443199152389498974e-02,-1.478735374188329954e-01,-3.747457033176140873e-01,-5.669715945408757563e-01,-7.088095714944547820e-01,-7.893291614220611097e-01,-8.032567151534131256e-01,-7.512616795896823740e-01,-6.396776598011337800e-01,-4.797097836077406363e-01,-2.862290470845263446e-01,-7.629037350228112802e-02,1.324691083026839633e-01,3.233927014816639911e-01,4.821829865673200599e-01,5.979801540826050754e-01,6.640609002115116510e-01,6.781217804699124496e-01,6.421538234046824112e-01,5.619536972868078850e-01,4.463471966061419161e-01,3.062208930369569870e-01,1.534664623825000851e-01,-6.022971996354831495e-05,-1.434752634054659581e-01,-2.676273866236419385e-01,-3.656365908741426862e-01,-4.331892972996549962e-01,-4.685932664374466983e-01,-4.726163240310035651e-01,-4.481490025191917637e-01,-3.997413666522778297e-01,-3.330684688421081119e-01,-2.543775343711484616e-01,-1.699640551217574957e-01,-8.571472397051889403e-02,-6.743947920380534075e-03,6.286112090829999721e-02,1.201833232501847842e-01,1.635120160678117385e-01,1.922870093462395180e-01,2.069687249369516202e-01,2.088561055164683822e-01,1.998742626196462757e-01,1.823524266314054121e-01,1.588099208352364566e-01,1.317641344658169733e-01,1.035703056250708437e-01,7.629877266730351881e-02,5.165155329773981480e-02,3.091690468830495322e-02,1.495804496506037903e-02,4.230524307006662543e-03,-1.178205479253112116e-03,-1.493745425394683119e-03,2.809324894662833163e-03,1.107478618397524962e-02,2.253056828804901254e-02,3.634926093503385025e-02,5.170072979541527614e-02,6.779527075061188290e-02,8.391666029095486146e-02,9.944522251601418950e-02,1.138716165196577285e-01,1.268024525732830976e-01,1.379590849241547346e-01,1.471710251146096105e-01,1.543653988101666152e-01,1.595537583698393713e-01,1.628173878383699924e-01,1.642920169532380292e-01,1.641526088668308070e-01,1.625986038946671541e-01,1.598396715092112175e-01,1.560815943239151626e-01,1.515112630435526686e-01,1.462786357959093009e-01,1.404713045666716731e-01,1.340725876768852354e-01,1.268833652260011879e-01,1.183629137317147723e-01,1.072885310654047297e-01,9.105612777092367272e-02,6.482944695445221062e-02,2.576703591628922221e-02
8.489295767251764380e-01,8.089504199548435137e-01,6.929702936411697989e-01,5.124201210339283108e-01,2.850110066411524756e-01,3.288462614813488644e-02,-2.196778164404318556e-01,-4.487334838139460103e-01,-6.330718668652125514e-01,-7.562695342782470576e-01,-8.081950721236108581e-01,-7.858212286887860110e-01,-6.932829339962444104e-01,-5.412052640967872641e-01,-3.454042566968680283e-01,-1.251267547945641434e-01,9.896345305706348572e-02,3.068305312171897836e-01,4.809303413487125423e-01,6.077142104641073406e-01,6.786446600036355470e-01,6.906560169024120732e-01,6.460562407499015336e-01,5.519247382365669585e-01,4.191082545309281482e-01,2.609488799838839412e-01,9.189275484302904251e-02,-7.387461319921062586e-02,-2.236382338059923758e-01,-3.471097027790477352e-01,-4.370665444262416544e-01,-4.896502398688684643e-01,-5.043345156571327204e-01,-4.836059060574492974e-01,-4.324208691191219200e-01,-3.575166184068114816e-01,-2.666563109635469164e-01,-1.678843072805527581e-01,-6.885563948058963379e-02,2.371222569001652652e-02,1.044354533783861810e-01,1.694960742223757533e-01,2.167151385542276099e-01,2.454848550401671770e-01,2.565872182214770092e-01,2.519319633778282497e-01,2.342481320907622566e-01,2.067616519237577555e-01,1.728869144066400576e-01,1.359542603304516317e-01,9.898842191185514006e-02,6.454610216154438307e-02,3.461461261664268430e-02,1.056827750260310936e-02,-6.824606263181158712e-03,-1.735401115154508803e-02,-2.129062177096254643e-02,-1.928957956650814709e-02,-1.228582902258693217e-02,-1.389920601491685670e-03,1.220870190500848197e-02,2.732587902422367598e-02,4.285126142882775963e-02,5.779981313769684548e-02,7.134638477046173488e-02,8.284458159037279279e-02,9.183194169470902668e-02,9.802390901028501524e-02,1.012992746974508279e-01,1.016797223005476980e-01,9.930590432830180281e-02,9.441215751715900661e-02,8.730158206575824864e-02,7.832281001893751093e-02,6.784940431146670170e-02,5.626248895733634847e-02,4.393693203702214028e-02,3.123120266259865607e-02,1.848091952973398774e-02,5.996133626343111769e-03,-5.937392131306304041e-03,-1.705207720459338619e-02,-2.708549792391587788e-02,-3.575554187633438186e-02,-4.271243205837874091e-02,-4.744135729945282709e-02,-4.905624637994245724e-02,-4.587877694219333335e-02,-3.492703633401593455e-02,-1.443934788481831578e-02
8.489295767251764380e-01,8.051115713198441215e-01,6.783915196862455588e-01,4.824059005872774475e-01,2.381443008684170637e-01,-2.843216839661029741e-02,-2.893087135045243063e-01,-5.175205801357809499e-01,-6.900763493959503059e-01,-7.903647362994262737e-01,-8.097802406387817342e-01,-7.484051164063370010e-01,-6.147036927769721215e-01,-4.243042192952323211e-01,-1.980478726555045255e-01,4.043819875165573924e-02,2.673451845774659219e-01,4.611625781558890136e-01,6.047655433071459363e-01,6.869047040444768992e-01,7.029764347289642057e-01,6.550427670116050205e-01,5.511572274042753072e-01,4.041259887480026514e-01,2.298851181860858128e-01,4.570035007058916715e-02,-1.316047488657324238e-01,-2.872102815747090143e-01,-4.095111438853181185e-01,-4.908906190328856667e-01,-5.280257330698299167e-01,-5.217466918303157453e-01,-4.765167012241957600e-01,-3.996295932389496430e-01,-3.002391733285909026e-01,-1.883362680328277972e-01,-7.377892920952767997e-02,3.453883971384706653e-02,1.293204852788608916e-01,2.052712848961159575e-01,2.592695713817734782e-01,2.903238083087635313e-01,2.993520004503296139e-01,2.888308728774043321e-01,2.623666745077062323e-01,2.242380607921984348e-01,1.789554808085897231e-01,1.308722954335369559e-01,8.387199635003142473e-02,4.114476796391468988e-02,5.056375251296840213e-03,-2.289620928494004101e-02,-4.205442528608459296e-02,-5.250903998682650287e-02,-5.497023749844285462e-02,-5.061465214836782800e-02,-4.092549183155047565e-02,-2.753922932494135695e-02,-1.210909361227364631e-02,3.807816058736783124e-03,1.883620880824491903e-02,3.184031453196092820e-02,4.195513705615111499e-02,4.859439891451335092e-02,5.143935835461378031e-02,5.041315445407356516e-02,4.564535015446866822e-02,3.743100523923481582e-02,2.618803393513927102e-02,1.241588905566115390e-02,-3.342144310575305942e-03,-2.053149682647532545e-02,-3.861281390507269318e-02,-5.708206272241708040e-02,-7.548432230644766538e-02,-9.342161005701166143e-02,-1.105552296931829603e-01,-1.266030971317857190e-01,-1.413322761468376321e-01,-1.545464456527106401e-01,-1.660670176167651779e-01,-1.757046541883159341e-01,-1.832138937392264744e-01,-1.882148662179779219e-01,-1.900462733803323367e-01,-1.874676496247471569e-01,-1.780264124429899175e-01,-1.567617887209865057e-01,-1.146294571660702727e-01,-4.630372657165626737e-02
8.489295767251764380e-01,8.011278453457086890e-01,6.633361017804818571e-01,4.516761970558557659e-01,1.907929836528071688e-01,-8.917275532753439482e-02,-3.562505151536691783e-01,-5.804711782481176696e-01,-7.373762838790534069e-01,-8.107720107571247947e-01,-7.944044994076064903e-01,-6.923829602539772754e-01,-5.183444322070362986e-01,-2.935153073405885604e-01,-4.395800892600595228e-02,2.026202433508466905e-01,4.200853357627365448e-01,5.867308349391942013e-01,6.874495360698300583e-01,7.150087732031377152e-01,6.703420782063193029e-01,5.618967221460658967e-01,4.041880079125144132e-01,2.157937827090869731e-01,1.706850834434572861e-02,-1.721369057656142731e-01,-3.344922782827575158e-01,-4.567423785850301954e-01,-5.306733869418748251e-01,-5.534483201712806499e-01,-5.273451660996192336e-01,-4.589950342173706455e-01,-3.582617130903646974e-01,-2.369258908066782798e-01,-1.073373858056183711e-01,1.881985395007330225e-02,1.315375531204435455e-01,2.231954804721953955e-01,2.889463287816161907e-01,3.267820062195465058e-01,3.373220638781613823e-01,3.233872448033207059e-01,2.894329663023532118e-01,2.409194372822470731e-01,1.836886207506394364e-01,1.234056038618911028e-01,6.510563646030510798e-02,1.287057444212713966e-02,-3.035819397125814195e-02,-6.283747582118104358e-02,-8.396857276275077053e-02,-9.415700205342641960e-02,-9.461365462983102603e-02,-8.712526807453614686e-02,-7.381935986302194663e-02,-5.694426065701226752e-02,-3.867942893129479309e-02,-2.098554884588868866e-02,-5.498600007547165339e-03,6.532444284212967495e-03,1.426814295808810987e-02,1.726759085229940052e-02,1.545148727197986904e-02,9.047254446901640060e-03,-1.476159901454078159e-03,-1.547705144647568837e-02,-3.220777732758334233e-02,-5.087547117945757230e-02,-7.069386989982497094e-02,-9.092471870019543101e-02,-1.109082838662945741e-01,-1.300833376613901859e-01,-1.479975762593738475e-01,-1.643097995682310242e-01,-1.787853441222321538e-01,-1.912862443519419697e-01,-2.017574270242127876e-01,-2.102099275449037796e-01,-2.167016334725984650e-01,-2.213153269269033940e-01,-2.241326032761581655e-01,-2.252000990571780548e-01,-2.244802309769720894e-01,-2.217696271195307156e-01,-2.165480462885427948e-01,-2.076731075647925417e-01,-1.927307314139402317e-01,-1.667036912654702163e-01,-1.203528542899399839e-01,-4.824450656953647304e-02
8.489295767251764380e-01,7.970048055148369892e-01,6.478330613076567213e-01,4.203170609062177321e-01,1.431460356848432425e-01,-1.490058154502012788e-01,-4.200282072378013210e-01,-6.370390254897529969e-01,-7.745279961020787862e-01,-8.174317142477017795e-01,-7.627564047795474256e-01,-6.195788792048620985e-01,-4.074864309215856517e-01,-1.537282833896516376e-01,1.104855132581872984e-01,3.540084391181104739e-01,5.495618573420154584e-01,6.768386698772704824e-01,7.245505557168475663e-01,6.912281157374184914e-01,5.847618575374643468e-01,4.208378216035014163e-01,2.205526263627858030e-01,7.573738502001613887e-03,-1.947645549116062968e-01,-3.660683931115287226e-01,-4.909074779028361757e-01,-5.600699986727490920e-01,-5.709806886361487033e-01,-5.273241480436828832e-01,-4.380076135392538816e-01,-3.156609530443174605e-01,-1.749023004307282692e-01,-3.059596395802030924e-02,1.037001499879098149e-01,2.169496103875399318e-01,3.014269826523002793e-01,3.530552395129516463e-01,3.713196914495923151e-01,3.588301983269279183e-01,3.206312549862810335e-01,2.633713173027475984e-01,1.944398319383946472e-01,1.211657959863847028e-01,5.014913595726609719e-02,-1.323017414707478370e-02,-6.510679580658683407e-02,-1.032335820389429504e-01,-1.269176127461553727e-01,-1.368247858201671052e-01,-1.346953004820872213e-01,-1.230130119778674314e-01,-1.046677621492226318e-01,-8.264276413301065161e-02,-5.975035424135412276e-02,-3.843020682527736182e-02,-2.061548273251925106e-02,-7.665090001246788534e-03,-3.547048028531197173e-04,1.084424998950673331e-03,-3.108321159289611276e-03,-1.231870940060865102e-02,-2.566334981438097435e-02,-4.209509020249117134e-02,-6.050015823699810003e-02,-7.978153366614541830e-02,-9.892535200846100385e-02,-1.170491735185236609e-01,-1.334325903134586655e-01,-1.475318482431073885e-01,-1.589809365606687230e-01,-1.675819916093090334e-01,-1.732879360640348643e-01,-1.761801074531573197e-01,-1.764432927036327647e-01,-1.743401451224426690e-01,-1.701864688242890056e-01,-1.643283475970802321e-01,-1.571215820887809922e-01,-1.489133600356485065e-01,-1.400254435208480586e-01,-1.307372313421284737e-01,-1.212654188764042823e-01,-1.117336313020969446e-01,-1.021179269601838052e-01,-9.213667897650902605e-02,-8.101471822074055029e-02,-6.699757014055345017e-02,-4.676021219043567656e-02,-1.835342605539304686e-02
8.489295767251764380e-01,7.927481850517462680e-01,6.319119003281397084e-01,3.884144875704165223e-01,9.538833752367528729e-02,-2.076166433492770969e-01,-4.802110962896751767e-01,-6.867712988390454187e-01,-8.012534706807405982e-01,-8.105376519417896164e-01,-7.158604661375164158e-01,-5.321947129782965691e-01,-2.857426792388150782e-01,-9.980327682981142770e-03,2.591192911467717352e-01,4.879685217980530565e-01,6.496640258349137831e-01,7.271390911459488793e-01,7.148074175293961385e-01,6.185762577370623738e-01,4.543459352186330347e-01,2.453153574957871730e-01,1.855215673435079912e-02,-1.986531972695758375e-01,-3.821488413173077525e-01,-5.135855878701960364e-01,-5.821068036533618706e-01,-5.849469121021435569e-01,-5.269788931255792175e-01,-4.193845259026656724e-01,-2.777145669069621681e-01,-1.196517288455064693e-01,3.721265711951782240e-02,1.773201424867355547e-01,2.886084741053499547e-01,3.633872459172436398e-01,3.986044551867257701e-01,3.955598725044023878e-01,3.591793428426768298e-01,2.969987843936633953e-01,2.180172516177975861e-01,1.315677784448248955e-01,4.632791459793885597e-02,-3.044482059726310794e-02,-9.340755310965997982e-02,-1.393498669428553105e-01,-1.671597895723804517e-01,-1.775858809002825167e-01,-1.728564632819624969e-01,-1.562207383363145574e-01,-1.314723449089419682e-01,-1.025059501773038784e-01,-7.294408440838000274e-02,-4.585686377866370761e-02,-2.358336606751473136e-02,-7.651597426114467929e-03,1.214967244085667433e-03,3.022068213923209158e-03,-1.618907553601508110e-03,-1.164212732020399564e-02,-2.568745037192670874e-02,-4.225407791219417536e-02,-5.983625783381965602e-02,-7.703369219655316347e-02,-9.263310593019968842e-02,-1.056606601635644571e-01,-1.154073751440091999e-01,-1.214314229777751081e-01,-1.235421043721268985e-01,-1.217706405630422928e-01,-1.163327286134754890e-01,-1.075872722682636451e-01,-9.599495161913217112e-02,-8.207945493598056697e-02,-6.639336330694843580e-02,-4.948992652173338919e-02,-3.190134844295773597e-02,-1.412374845026707383e-02,3.391284496861002914e-03,2.023862729480350661e-02,3.605477181863223080e-02,5.050495287648263526e-02,6.325887929526691211e-02,7.394696672572663443e-02,8.207822023948375956e-02,8.687588576984862920e-02,8.693146589669052682e-02,7.950002889394960914e-02,5.964469905539066669e-02,2.445475561036456608e-02
8.489295767251764380e-01,7.883638763996356769e-01,6.156025092644683561e-01,3.560540349469449306e-01,4.769963276385577600e-02,-2.647091950264482962e-01,-5.364157268067616391e-01,-7.293108541164309289e-01,-8.174377933053155187e-01,-7.905218457426503864e-01,-6.550372568428928233e-01,-4.327305312128744141e-01,-1.569242529419983267e-01,1.327400384158686775e-01,3.962493219079986639e-01,5.989252649767943248e-01,7.160485078678334725e-01,7.357790088527378369e-01,6.600519591394744534e-01,5.034583843317246288e-01,2.904219555108618622e-01,5.121270730488258760e-02,-1.825355244862424398e-01,-3.821242260475200547e-01,-5.253172423251821765e-01,-5.986771404846078504e-01,-5.985065150597466133e-01,-5.304103813504186249e-01,-4.076884240936248793e-01,-2.489050031134484586e-01,-7.505652362288448010e-02,9.324162798053071965e-02,2.381838049016848091e-01,3.465542766128771879e-01,4.107175729120956520e-01,4.288020150198644798e-01,4.041673270242229776e-01,3.443261322997797080e-01,2.595328468013442524e-01,1.612618617680884325e-01,6.077488042885066666e-02,-3.206685056740491563e-02,-1.096460314682685955e-01,-1.670480322248800997e-01,-2.021476086732298394e-01,-2.153781636232273422e-01,-2.092653151237242048e-01,-1.878186099820014499e-01,-1.558737039036084127e-01,-1.184651985743179065e-01,-8.029128018648802600e-02,-4.530911263006270201e-02,-1.647793064281532008e-02,4.352488422548190725e-03,1.642518177841108609e-02,1.995817034664713885e-02,1.595713898000558281e-02,5.990619816769621533e-03,-8.043460756716379334e-03,-2.413641764787104529e-02,-4.035572806669156243e-02,-5.499007463608628771e-02,-6.664850996630404534e-02,-7.431483879582136132e-02,-7.736209164954904738e-02,-7.553437581583453964e-02,-6.890454364730323744e-02,-5.781622435449124825e-02,-4.281808402995001400e-02,-2.459697916303206500e-02,-3.915199362989655978e-03,1.844453747042560862e-02,4.172411242753719385e-02,6.522406721763279736e-02,8.832668597026489821e-02,1.105087668454976385e-01,1.313451413846945803e-01,1.505040916796746286e-01,1.677355919755098013e-01,1.828526846977585330e-01,1.957050780372192322e-01,2.061417027001600233e-01,2.139542514555765607e-01,2.187836715872236437e-01,2.199489203799914749e-01,2.161046226907099022e-01,2.045174153307104947e-01,1.795872952273241674e-01,1.310511426167057514e-01,5.287091372605311201e-02
8.489295767251764380e-01,7.838579205295561625e-01,5.989350753176223563e-01,3.233204539650059717e-01,2.535641456212626207e-04,-3.200078733081820337e-01,-5.883080840341751161e-01,-7.643968959475606617e-01,-8.231236785538624812e-01,-7.580348083566975648e-01,-5.818579682243310014e-01,-3.239005635047041975e-01,-2.490747989122230749e-02,2.696755481382449027e-01,5.168676723013505558e-01,6.825740677314710014e-01,7.462798235480635478e-01,7.033782541996804749e-01,5.649225947811714610e-01,3.550206632730613099e-01,1.064522620233360750e-01,-1.446761689577654719e-01,-3.643439682629083243e-01,-5.252713141101740257e-01,-6.101889819297372508e-01,-6.133709396664150937e-01,-5.403796868057352265e-01,-4.062497867265432716e-01,-2.325432062482274964e-01,-4.382609559834266949e-02,1.358658581628079676e-01,2.860768704325450384e-01,3.921339434457098982e-01,4.463117652381906053e-01,4.479416713092578828e-01,4.025969847221564923e-01,3.205952534033542078e-01,2.151147917435085877e-01,1.002286656377734259e-01,-1.087829448098273817e-02,-1.073117595291889631e-01,-1.813748987676155056e-01,-2.289494557780446526e-01,-2.493930559557150928e-01,-2.450486761295369020e-01,-2.204933111037490900e-01,-1.816615884716044627e-01,-1.349697578577421508e-01,-8.654137866442025706e-02,-4.160416520943827079e-02,-4.093569042936250936e-03,2.353247040482953079e-02,4.028827570446715661e-02,4.650262784989291770e-02,4.355545108326529941e-02,3.355770629842761560e-02,1.901898536456960928e-02,2.539042342877454762e-03,-1.345087618690508739e-02,-2.688183655931657492e-02,-3.617099365075592682e-02,-4.027829161601508001e-02,-3.870493569975761577e-02,-3.144606313012076465e-02,-1.891151512918112787e-02,-1.828359954108387019e-03,1.886269236245976394e-02,4.210713065639509756e-02,6.682552022867001285e-02,9.198682981803786574e-02,1.166639936370105490e-01,1.400714517203714427e-01,1.615858800563070297e-01,1.807522939612025703e-01,1.972782234288310010e-01,2.110187831956362725e-01,2.219552650124976545e-01,2.301694245211621248e-01,2.358149447353883044e-01,2.390865876413193480e-01,2.401861130079954998e-01,2.392816774008975633e-01,2.364529961450952678e-01,2.316053446484903078e-01,2.243148836967431836e-01,2.135200053742866422e-01,1.968673839996405994e-01,1.693731126389355079e-01,1.217952930596672562e-01,4.870360623046008502e-02
8.489295767251764380e-01,7.792364961130827661e-01,5.819399920375516455e-01,2.902973343315563559e-01,-4.678321135631504507e-02,-3.732590414150531166e-01,-6.356050839879493486e-01,-7.918641371516825789e-01,-8.185033565068199346e-01,-7.139220675356029444e-01,-4.980950412341759170e-01,-2.085476011252391515e-01,1.064931773105580459e-01,3.964624692562176977e-01,6.168250359863035603e-01,7.360155372994494627e-01,7.398552853568416410e-01,6.328569065026836693e-01,4.364051670483024004e-01,1.843376334302603559e-01,-8.315047123468842505e-02,-3.261470669633592667e-01,-5.110873621117612009e-01,-6.153183411040014095e-01,-6.295768031794592989e-01,-5.581940214795906297e-01,-4.172273555619552821e-01,-2.310289154003911938e-01,-2.795045424003804110e-02,1.640644760782430933e-01,3.213260142784619688e-01,4.271797368494797409e-01,4.734524313515449112e-01,4.605289178796160843e-01,3.962362416979166024e-01,2.938621681838990418e-01,1.697124033692501699e-01,4.061521195938586765e-02,-7.827521588589449186e-02,-1.751247726458161902e-01,-2.423820267878489254e-01,-2.770418898844828060e-01,-2.802932400783912370e-01,-2.567020177452402629e-01,-2.131159601340206766e-01,-1.574795258394793840e-01,-9.772381352863133974e-02,-4.085507392150247025e-02,7.683906555542393234e-03,4.435423535381641941e-02,6.757989904759231781e-02,7.757308567052437209e-02,7.599199218803555367e-02,6.550341571010434571e-02,4.931835494067803027e-02,3.075743067286948462e-02,1.288731705397926953e-02,-1.747520591547470315e-03,-1.128929953316447007e-02,-1.463222215348620840e-02,-1.140272687176575872e-02,-1.874498351056788073e-03,1.315977076780485734e-02,3.253856230596102045e-02,5.488510416305373424e-02,7.874975616843918336e-02,1.027310990678939467e-01,1.255699650355426578e-01,1.462144617352628129e-01,1.638570729812611204e-01,1.779470730909956389e-01,1.881827933063268399e-01,1.944888324618664621e-01,1.969832611575195458e-01,1.959393952205087108e-01,1.917459689485623564e-01,1.848686571615830720e-01,1.758149804207123912e-01,1.651037442330434701e-01,1.532393301351791248e-01,1.406903352807891416e-01,1.278711139282461273e-01,1.151233853863361800e-01,1.026924775959626029e-01,9.068714685960024835e-02,7.899891452800036906e-02,6.712800132791345298e-02,5.382255255991402060e-02,3.663885915845146307e-02,1.414805473227074076e-02
8.489295767251764380e-01,7.745059085892348483e-01,5.646477704547722132e-01,2.570667673930248642e-01,-9.325182349162258744e-02,-4.242322591141607369e-01,-6.780753639528354082e-01,-8.116405419454942871e-01,-8.039081361827407068e-01,-6.591977387305796299e-01,-4.056705232257742932e-01,-8.955876222159390998e-02,2.336421877203735398e-01,5.092671749342695398e-01,6.929542154464231052e-01,7.578116611302680994e-01,6.981216568897330443e-01,5.291337067741623823e-01,2.832471159832217755e-01,3.513496719492317354e-03,-2.642009772723404870e-01,-4.789270186891612657e-01,-6.108631995550615201e-01,-6.452679276733875868e-01,-5.835400959445199431e-01,-4.415855428105829872e-01,-2.460200071630975205e-01,-2.906388374435899674e-02,1.768963973699241299e-01,3.441685457972691320e-01,4.533343568664090495e-01,4.951477018038490940e-01,4.706741314021084532e-01,3.898867457954528493e-01,2.691456984975815758e-01,1.280996447193670784e-01,-1.344536879496742096e-02,-1.382245712065720555e-01,-2.334557868148447457e-01,-2.918651767049241230e-01,-3.118010783133262631e-01,-2.965720835856432980e-01,-2.532333774096069412e-01,-1.910836436755812551e-01,-1.201274032544011744e-01,-4.971472755778063440e-02,1.249451227857308402e-02,6.116727700229556558e-02,9.352845507287058102e-02,1.092349128785159024e-01,1.099777326545071932e-01,9.891532111870056376e-02,8.004014646073250028e-02,5.756850705892474496e-02,3.542084951370401413e-02,1.683463700981483943e-02,4.126821467027701369e-03,-1.398323278711445126e-03,5.839271014757024423e-04,9.547395638008835186e-03,2.430548109660874909e-02,4.323067695968541013e-02,6.447474123393373557e-02,8.616760478185489514e-02,1.065803814749622797e-01,1.242448813084169046e-01,1.380281035619315699e-01,1.471648885411226682e-01,1.512550931660746056e-01,1.502333978947850979e-01,1.443203612414746817e-01,1.339628996324255805e-01,1.197712911202879760e-01,1.024583684980733267e-01,8.278502301557967569e-02,6.151467090550996608e-02,3.937807259872367488e-02,1.704892448271698446e-02,-4.869976284064291006e-03,-2.585040073401786986e-02,-4.543227551271948605e-02,-6.320614038657684786e-02,-7.878079319394601376e-02,-9.172660719258789175e-02,-1.014717841016393313e-01,-1.070981119575338814e-01,-1.069148021568265133e-01,-9.759390066347507775e-02,-7.312158489992154342e-02,-2.995618457734626483e-02
8.489295767251764380e-01,7.696725791560925511e-01,5.470889521608662820e-01,2.237090278446589586e-01,-1.390019018445206866e-01,-4.727212397998729054e-01,-7.155393973339360114e-01,-8.237437695279805627e-01,-7.797959976682428129e-01,-5.950159711849530852e-01,-3.066037535529292368e-01,3.021474562788673338e-02,3.531863618856490028e-01,6.048931894795994690e-01,7.431424291283283967e-01,7.479666492426868540e-01,6.240968264287996004e-01,3.987250848926017777e-01,1.152963012279893951e-01,-1.752267108629117220e-01,-4.238147288903242327e-01,-5.917488109729285295e-01,-6.564921280035630469e-01,-6.142264539057453732e-01,-4.789183295730490841e-01,-2.784261098590309347e-01,-4.863755079264547171e-02,1.731326404190930424e-01,3.542701318490325546e-01,4.715305192785923527e-01,5.136465833557956051e-01,4.817026223043501809e-01,3.875078761085509749e-01,2.505046127150667434e-01,9.391209394781178943e-02,-5.917189847514253698e-02,-1.890947948270349510e-01,-2.819713791606560660e-01,-3.308062464044460582e-01,-3.354401135109178478e-01,-3.015222193462384070e-01,-2.388252012625921572e-01,-1.592620300169625414e-01,-7.494361297393546673e-02,3.453382069768963242e-03,6.783542940354876649e-02,1.132879306001647740e-01,1.381406212460741523e-01,1.435954503940963245e-01,1.330517512345818776e-01,1.112773159416103053e-01,8.356389593880883537e-02,5.497855953013054686e-02,2.978603587035104014e-02,1.107891963566410252e-02,6.181746667783196043e-04,-1.140448045540133582e-03,5.124096041969718358e-03,1.786286820334230876e-02,3.496608627874930181e-02,5.407302638561701374e-02,7.284893530311027654e-02,8.920667021129322083e-02,1.014620069042584116e-01,1.084212512423419622e-01,1.094072075457884485e-01,1.042344432555471490e-01,9.314726177692682352e-02,7.673422910167694566e-02,5.583200191639335619e-02,3.142911489970078714e-02,4.577800259677420984e-03,-2.368075693435883408e-02,-5.237477649080433256e-02,-8.064294399030057237e-02,-1.077587941188877935e-01,-1.331400214687360195e-01,-1.563447737068222598e-01,-1.770569048591631445e-01,-1.950615192706293965e-01,-2.102107326891504979e-01,-2.223768936387263140e-01,-2.313852416973470882e-01,-2.369069397780595720e-01,-2.382687688490575384e-01,-2.340787156651021050e-01,-2.214402877590103680e-01,-1.943516324377048410e-01,-1.417617524353869396e-01,-5.717461552487482224e-02
8.489295767251764380e-01,7.647430337171184922e-01,5.292940247046560298e-01,1.903022758126209912e-01,-1.838921982773991659e-01,-5.185445306049696335e-01,-7.478689663681302724e-01,-8.282764529230420836e-01,-7.467375875224309123e-01,-5.226410931746229283e-01,-2.029598872837845014e-01,1.480315698482765618e-01,4.621418239170773656e-01,6.808565194934164122e-01,7.663530682681084505e-01,7.078394261488264450e-01,5.222144156709448426e-01,2.492783363862075552e-01,-5.718336111361937285e-02,-3.403863529893848550e-01,-5.512973693509206630e-01,-6.570857843642629037e-01,-6.458547223227716350e-01,-5.270925466663073378e-01,-3.281708593603399060e-01,-8.793985273943608072e-02,1.510916243663162073e-01,3.504079150172682011e-01,4.816073159196989084e-01,5.300804584740648195e-01,4.958984262013194089e-01,3.921133270558423423e-01,2.411085524349993459e-01,6.988982505627931718e-02,-9.473788450797107630e-02,-2.302861746676736210e-01,-3.214195511243425618e-01,-3.612481609173572306e-01,-3.511141892280549848e-01,-2.991516003908286092e-01,-2.180506491730634377e-01,-1.225104063269770449e-01,-2.682478502693919770e-02,5.705575822993359109e-02,1.207830744636158304e-01,1.601303457710123446e-01,1.748348042871458174e-01,1.679162103171531473e-01,1.446698573404145427e-01,1.115395779108302732e-01,7.505081772692666353e-02,4.093749505877883332e-02,1.354089059997553267e-02,-4.495385700173964126e-03,-1.225556512703937159e-02,-1.036014873541116731e-02,-6.229483415845328076e-04,1.436917096645422970e-02,3.168669350241960780e-02,4.844483616514859425e-02,6.211212955479202685e-02,7.072203211887481689e-02,7.298492275949303165e-02,6.830979500927090997e-02,5.675285197617514765e-02,3.891409669023367102e-02,1.580352296983567398e-02,-1.130350912942124607e-02,-4.100575771740232189e-02,-7.189886849135208868e-02,-1.026742884022236874e-01,-1.321911671630746632e-01,-1.595213194011918245e-01,-1.839696618369578152e-01,-2.050739952132062394e-01,-2.225886604212580777e-01,-2.364565984424092104e-01,-2.467738254035512224e-01,-2.537494041367698849e-01,-2.576626781036967517e-01,-2.588177002646528391e-01,-2.574919853181740770e-01,-2.538717771092094400e-01,-2.479561152696627691e-01,-2.393901570604396178e-01,-2.271378249203726829e-01,-2.087922547729161860e-01,-1.791664574173042201e-01,-1.285808480266635023e-01,-5.135269584849388308e-02
8.489295767251764380e-01,7.597238918116822060e-01,5.112933396478641646e-01,1.569222806196793607e-01,-2.277911169548151871e-01,-5.615459211795404970e-01,-7.749860346734570582e-01,-8.254204622128350488e-01,-7.054010037380396003e-01,-4.434172586082182344e-01,-9.680062870294742217e-02,2.613259665406175714e-01,5.579626380060784818e-01,7.354286688039898268e-01,7.625999707975203989e-01,6.399978759546541829e-01,3.980122712111290317e-01,8.907373864459021406e-02,-2.241705411664809133e-01,-4.819285312006572064e-01,-6.387942575584308891e-01,-6.715127930609189333e-01,-5.817390948410193774e-01,-3.936998321343808116e-01,-1.477156328524938667e-01,1.087243710779437628e-01,3.303419237203850112e-01,4.820500451509164286e-01,5.441791007318353968e-01,5.142972748122484061e-01,4.057124221199323033e-01,2.433604706960124653e-01,5.817776617918422877e-02,-1.188220810335792882e-01,-2.616737264923028605e-01,-3.530073253071287498e-01,-3.856431930621165849e-01,-3.622665743523223458e-01,-2.935461704008291983e-01,-1.952673931991852629e-01,-8.511992029195827869e-02,2.027700670056200097e-02,1.076745967246182656e-01,1.685758083609729119e-01,1.996500177554537125e-01,2.022978598077489198e-01,1.815948538836162640e-01,1.448938239120793614e-01,1.003617545450401910e-01,5.567969583888472684e-02,1.706189075416771408e-02,-1.133014147399584275e-02,-2.757673077382540722e-02,-3.184796137051957438e-02,-2.600198251310375727e-02,-1.303977257966583946e-02,3.481658850589531423e-03,1.999302563447533099e-02,3.335373141273056258e-02,4.115722973943049950e-02,4.189267400185348739e-02,3.497444006355340113e-02,2.066442445986554216e-02,-8.111297611169167039e-05,-2.580716006190620845e-02,-5.476806422640100036e-02,-8.512398773517756978e-02,-1.151086307022627653e-01,-1.431583109613016602e-01,-1.679988688676858077e-01,-1.886919397369513085e-01,-2.046456976236066816e-01,-2.155972532679248932e-01,-2.215746804956466587e-01,-2.228464311486591243e-01,-2.198649863979669494e-01,-2.132102693913977276e-01,-2.035368477025883971e-01,-1.915274535399721645e-01,-1.778539366539723388e-01,-1.631454390584215763e-01,-1.479622142178696198e-01,-1.327717510306132276e-01,-1.179208545281742182e-01,-1.035910456195932444e-01,-8.971025756181315314e-02,-7.576192302939085965e-02,-6.038793557313006793e-02,-4.090425681751537479e-02,-1.574232885557371939e-02
8.489295767251764380e-01,7.546218555585987309e-01,4.931170335995766485e-01,1.236421673273433997e-01,-2.705771512317545757e-01,-6.015945900409495062e-01,-7.968610688302356637e-01,-8.154303114236086669e-01,-6.565357577035606518e-01,-3.587383521308817880e-01,9.861626026533423101e-03,3.677639018039782770e-01,6.385900594969029509e-01,7.676482075903731106e-01,7.328793315846205969e-01,5.480271792222209948e-01,2.577871764553553713e-01,-7.347090355055789501e-02,-3.764771416467373455e-01,-5.918462310777917734e-01,-6.816700966664890338e-01,-6.356968635163994241e-01,-4.712599250580333798e-01,-2.275528122141803611e-01,4.400456534432142103e-02,2.909205886087295467e-01,4.698675929159049081e-01,5.540345355952812634e-01,5.364645637144622725e-01,4.292056325132477812e-01,2.589676630952276182e-01,6.058072623960977093e-02,-1.302008693671669604e-01,-2.831014797490942203e-01,-3.778570822221072323e-01,-4.063238555736973789e-01,-3.721520350964905854e-01,-2.884685493635949505e-01,-1.743026241674107135e-01,-5.058959212395525845e-02,6.348412677087447720e-02,1.532304164696665361e-01,2.100014570776098655e-01,2.314878732104047598e-01,2.209555048915030906e-01,1.857459526328647248e-01,1.354233284375051249e-01,7.992998323001880567e-02,2.803778707187212782e-02,-1.372544065372695819e-02,-4.160741601318956179e-02,-5.465210590157103948e-02,-5.431206672185025230e-02,-4.379365700184027071e-02,-2.728457899878853135e-02,-9.196945692984244414e-03,6.473097189998663209e-03,1.660737042695064128e-02,1.922605558422136110e-02,1.355571930093866194e-02,-6.258923368126770228e-05,-2.037966155640029767e-02,-4.550960994830429568e-02,-7.322083601728771041e-02,-1.012093190182536545e-01,-1.273280135885654363e-01,-1.497574770266218158e-01,-1.671130090936032153e-01,-1.784916418313679809e-01,-1.834678696178693724e-01,-1.820501011350707243e-01,-1.746107812732235198e-01,-1.618024691979369489e-01,-1.444704134826781949e-01,-1.235698462104948131e-01,-1.000937502027813286e-01,-7.501455595367977069e-02,-4.924131296919327661e-02,-2.359248772482330433e-02,1.216241499406026799e-03,2.456988074591737181e-02,4.593747520181461208e-02,6.483814343498979504e-02,8.078119388840680759e-02,9.315851771385856572e-02,1.010368829118465372e-01,1.027301833356159128e-01,9.493726435424118537e-02,7.169773011773379612e-02,2.950394670919405382e-02
8.489295767251764380e-01,7.494436986407388979e-01,4.747949525228209455e-01,9.053218692780681809e-02,-3.121392276867160365e-01,-6.385850003553169563e-01,-8.135108640797567015e-01,-7.986258743690596296e-01,-6.009562919819290139e-01,-2.700188463821854290e-01,1.151052355095807667e-01,4.652884923957720242e-01,7.024822226740299325e-01,7.773030590712851629e-01,6.790659537760684872e-01,4.363058810753566719e-01,1.082379567491664196e-01,-2.302632700628637896e-01,-5.062377671609530339e-01,-6.645448663008562962e-01,-6.786143108631799148e-01,-5.540541286656218700e-01,-3.249446037077404759e-01,-4.432201044185426347e-02,2.284944951346135067e-01,4.406638026238378081e-01,5.559294542395637473e-01,5.602307887110470341e-01,4.621720636961672568e-01,2.888815048762589099e-01,7.869348685656119002e-02,-1.274477575973697041e-01,-2.939711489344353224e-01,-3.965598794912882363e-01,-4.250911607706639450e-01,-3.835116582413686803e-01,-2.871478342604741885e-01,-1.583658697703571594e-01,-2.165684668421812703e-02,1.008559395468542341e-01,1.927479184627363118e-01,2.450728902188614722e-01,2.565578536662224685e-01,2.324715334657077026e-01,1.826107949812132980e-01,1.189159974916261520e-01,5.318757005010631145e-02,-4.738022657125487425e-03,-4.814677061300296629e-02,-7.388810287282432387e-02,-8.217513850552264631e-02,-7.590786770446049381e-02,-5.972303188444388206e-02,-3.897226892686164040e-02,-1.879623359827355469e-02,-3.410215395230501399e-03,4.340789423408389358e-03,3.152081608593200295e-03,-6.810591282435811238e-03,-2.416019811544710405e-02,-4.664586844729701892e-02,-7.154969339651551241e-02,-9.606502556207306698e-02,-1.176144825600600879e-01,-1.340833332845221826e-01,-1.439600629462210180e-01,-1.463888872966163102e-01,-1.411479852146295122e-01,-1.285721937607296195e-01,-1.094403653917704750e-01,-8.484634088836988386e-02,-5.606946613504248944e-02,-2.445664765720475392e-02,8.676176526982139203e-03,4.211904814059246743e-02,7.481847476511223338e-02,1.059046338919351210e-01,1.346978972671045716e-01,1.606977611454551702e-01,1.835568742264495623e-01,2.030414527530064184e-01,2.189764865254906212e-01,2.311684783135414811e-01,2.392867613350594669e-01,2.426586059685564289e-01,2.398738599730849130e-01,2.279634292241107807e-01,2.007321995530757519e-01,1.467367440828879210e-01,5.925571211422947515e-02
8.489295767251764380e-01,7.441962553578834738e-01,4.563565795795585522e-01,5.765951084070097821e-02,-3.523769585247446545e-01,-6.724365596271625334e-01,-8.249959337610931476e-01,-7.753845768586222764e-01,-5.395254152883236509e-01,-1.786662266568057600e-01,2.171355615915910031e-01,5.521542279016465882e-01,7.486248489740708889e-01,7.648867339985544467e-01,6.037816256399508585e-01,3.097637178665886837e-01,-4.388238619565863752e-02,-3.739422352804727123e-01,-6.072753916860668122e-01,-6.970279156536854925e-01,-6.314909453849321119e-01,-4.341353485886922936e-01,-1.556034819097093236e-01,1.397293771221822800e-01,3.890059639144729520e-01,5.443038432513309655e-01,5.814085313174948144e-01,5.025248924208469692e-01,3.330504299097408749e-01,1.138418024200354844e-01,-1.087921287728432079e-01,-2.929516224201972330e-01,-4.088212159432568771e-01,-4.428862982945032667e-01,-3.983410379877063145e-01,-2.921843549178317345e-01,-1.500997546814473449e-01,-4.809609969337496401e-04,1.310975905668427810e-01,2.259832537503435046e-01,2.745946024674230102e-01,2.765656430660556331e-01,2.392243873884207228e-01,1.749930548400669139e-01,9.838185230848239815e-02,2.318818706097604265e-02,-3.964858006630755244e-02,-8.329676843949769538e-02,-1.053542484601308754e-01,-1.073781074240778427e-01,-9.386382033805604208e-02,-7.095560073763172715e-02,-4.515210464318424738e-02,-2.221367345350193367e-02,-6.398749893034983219e-03,-7.641036876019124187e-05,-3.693126006085213197e-03,-1.602317493840425475e-02,-3.460626517657956758e-02,-5.627107380285383681e-02,-7.765482292914276108e-02,-9.565065656234994496e-02,-1.077404864781274785e-01,-1.121961878569687210e-01,-1.081531027718953264e-01,-9.557490786480887790e-02,-7.513758339257863017e-02,-4.806309357761259782e-02,-1.593170039893206796e-02,1.950290752010258588e-02,5.647781069563066747e-02,9.335318121458624496e-02,1.287076260530073124e-01,1.613964045779877066e-01,1.905759457567196280e-01,2.157002621837392220e-01,2.364957727308428237e-01,2.529209228312687685e-01,2.651160491581766032e-01,2.733473118104881028e-01,2.779461657777423378e-01,2.792423410926702654e-01,2.774824095153330394e-01,2.727145980071642439e-01,2.645958092753161184e-01,2.520202129553423265e-01,2.323437255741588880e-01,1.998039238705164033e-01,1.436014294121157608e-01,5.740058310136862685e-02
8.489295767251764380e-01,7.388864097740275305e-01,4.378309667523562765e-01,2.508805015446756090e-02,-3.912008044581794519e-01,-7.030930600259361896e-01,-8.314175252831423890e-01,-7.461332310767907483e-01,-4.731379909835451425e-01,-8.605550863024670483e-02,3.143154533353286761e-01,6.269498464199878551e-01,7.765242326759992375e-01,7.315325540393012860e-01,5.102439757350649696e-01,1.736347820989285196e-01,-1.920875248501429378e-01,-4.982076783586709690e-01,-6.753316160818135794e-01,-6.888922007693406568e-01,-5.449706116952089952e-01,-2.858191760004951121e-01,2.289173683789820155e-02,3.092280838120722297e-01,5.119964674161410212e-01,5.935816877518822476e-01,5.460632672565574053e-01,3.899617985111119012e-01,1.667817816054043278e-01,-7.218979459821060762e-02,-2.778396719079116450e-01,-4.131959915075759660e-01,-4.595080383587927253e-01,-4.176863987554156887e-01,-3.054860240437238250e-01,-1.516764626785745973e-01,1.111564407571514340e-02,1.532103628406866203e-01,2.530084611455709620e-01,2.997178234878107306e-01,2.935590692766261167e-01,2.438648888799559433e-01,1.658264857292930661e-01,7.675884207739237797e-02,-7.323457658046488190e-03,-7.424736602153293730e-02,-1.170508808915998733e-01,-1.341701337454023479e-01,-1.286520620379166813e-01,-1.067319025003369282e-01,-7.615400181052221773e-02,-4.457624569144864879e-02,-1.830847079016061432e-02,-1.522512863104958768e-03,4.038162743962703596e-03,-1.090536665861259165e-03,-1.456466490754396680e-02,-3.288504976778795080e-02,-5.209535128014898542e-02,-6.841402401765864227e-02,-7.872465681472676224e-02,-8.088733929578181825e-02,-7.386769403562429281e-02,-5.770598721161949302e-02,-3.336469612243383315e-02,-2.499441353336844841e-03,3.280302906761790177e-02,7.028274880601212415e-02,1.077328943435807290e-01,1.431776200941317356e-01,1.749940928069887436e-01,2.019793738644204140e-01,2.233684690743904244e-01,2.388132500258286495e-01,2.483333159222678721e-01,2.522496433551287276e-01,2.511105495342981775e-01,2.456175252875020532e-01,2.365562412220500454e-01,2.247357303173216359e-01,2.109364779545671309e-01,1.958657559210700283e-01,1.801154813767846530e-01,1.641128026587508892e-01,1.480432022800287628e-01,1.317023100308455652e-01,1.141804831757726874e-01,9.321131900462824305e-02,6.437803896548703608e-02,2.509629816538262032e-02
8.489295767251764380e-01,7.335210849842732639e-01,4.192466704523991061e-01,-7.121700157561759552e-03,-4.285321509846596877e-01,-7.305219179505432203e-01,-8.329143272763775974e-01,-7.113396729491014980e-01,-4.027051840034915897e-01,6.493722183182498199e-03,4.051896199382409858e-01,6.886101297714194436e-01,7.861843161919546130e-01,6.789304469448180779e-01,4.021042416918035323e-01,3.321844427085730161e-02,-3.304371150113639133e-01,-5.980625864870849906e-01,-7.081604748878586042e-01,-6.421527852409932846e-01,-4.259952578476370877e-01,-1.203998248436666391e-01,1.968034526719822930e-01,4.509514404717065994e-01,5.881356711818243044e-01,5.860215549000340474e-01,4.559961082323648607e-01,2.371231574516061424e-01,-1.566401025542962094e-02,-2.456215552327122020e-01,-4.069311070063235669e-01,-4.733554496230097941e-01,-4.414143918864724125e-01,-3.281605260461282203e-01,-1.648565223185853856e-01,1.142825492182529025e-02,1.661540314693543408e-01,2.738123652150676879e-01,3.215337021246114091e-01,3.095522788684257343e-01,2.489913403374071077e-01,1.579048944239149488e-01,5.669201058650578939e-02,-3.609167486813308345e-02,-1.067856393509890450e-01,-1.481761068469298059e-01,-1.595533645048345661e-01,-1.455678180613593498e-01,-1.143439486033136360e-01,-7.535122722647275006e-02,-3.746668886358900386e-02,-7.532744720406036112e-03,1.044278334642791996e-02,1.544374794014428953e-02,9.070729432024998706e-03,-5.189948234729364202e-03,-2.285832100580495463e-02,-3.933782057726875614e-02,-5.064441448095741150e-02,-5.390918562386243923e-02,-4.762877399177557064e-02,-3.168173503893270682e-02,-7.158613789957538054e-03,2.393149400845795763e-02,5.901316780683982938e-02,9.529870517468823354e-02,1.301006296742317769e-01,1.610751861815662433e-01,1.863846069824701690e-01,2.047786587081499854e-01,2.156051950973681131e-01,2.187649556110350946e-01,2.146280423303777718e-01,2.039290846020684889e-01,1.876558945382431620e-01,1.669432297897526785e-01,1.429797909973366532e-01,1.169332997346284320e-01,8.989577003974821845e-02,6.284910969835710848e-02,3.665010320634101010e-02,1.203381247587325363e-02,-1.036409603118006520e-02,-2.996151044323839760e-02,-4.614634964804591871e-02,-5.811898330509570471e-02,-6.457529493494355843e-02,-6.307678282159458194e-02,-4.929025366966792443e-02,-2.066554689435653319e-02
8.489295767251764380e-01,7.281072325252994082e-01,4.006316912944329345e-01,-3.891279201870496973e-02,-4.643033017160023701e-01,-7.547132329185558541e-01,-8.296589331433378289e-01,-6.715043553086300632e-01,-3.291395347997773668e-01,9.773742129499257691e-02,4.885027567496359469e-01,7.364172303416662846e-01,7.780700916259338795e-01,6.092311718793700370e-01,2.832820349527416237e-01,-1.063412713893374384e-01,-4.537639827288144634e-01,-6.699624157534893598e-01,-7.054941163618180244e-01,-5.609276904757097837e-01,-2.831338590042857262e-01,5.034550342324258659e-02,3.535961585525009276e-01,5.547728834749622306e-01,6.128098498395335714e-01,5.246924474858031262e-01,3.224811468075225451e-01,6.202600095714780326e-02,-1.928103745900441313e-01,-3.859708514490862163e-01,-4.812106618179039508e-01,-4.679277962869654583e-01,-3.603048604974581903e-01,-1.909386703848963418e-01,-1.260041314911970788e-03,1.685728423893887162e-01,2.879495937067036437e-01,3.407172411704262882e-01,3.262211693171365723e-01,2.569281973983373879e-01,1.537515223603725389e-01,4.048413137819398266e-02,-6.133442682207445457e-02,-1.361472120010802089e-01,-1.762236475747724906e-01,-1.816240888015125954e-01,-1.586722151685647508e-01,-1.175393105813434397e-01,-6.959000926993892666e-02,-2.504388430608869148e-02,8.675708408784957998e-03,2.774684975366402406e-02,3.194274649535918525e-02,2.398897236866165752e-02,8.533779759781118246e-03,-9.008037874003308951e-03,-2.351552499060545476e-02,-3.097176519320268828e-02,-2.894695711255525217e-02,-1.674843117108406471e-02,4.714261166218513752e-03,3.326849353209592602e-02,6.592974347751455466e-02,9.937824517879496888e-02,1.303917323771202341e-01,1.561877301693242459e-01,1.746523186446706788e-01,1.844527318265109794e-01,1.850464800117519182e-01,1.766091992985575898e-01,1.599075102464483644e-01,1.361428484062830735e-01,1.067888519814830101e-01,7.343980210901886185e-02,3.768196833491158082e-02,9.943898535713722574e-04,-3.531880868772916543e-02,-7.016570751822501228e-02,-1.026765659131822495e-01,-1.321901696051029917e-01,-1.582194478061640097e-01,-1.803966863260057785e-01,-1.983931720206656424e-01,-2.117966502040483923e-01,-2.199048554593955596e-01,-2.213359081466922118e-01,-2.132297472654253456e-01,-1.896379438229441328e-01,-1.395733334882298393e-01,-5.658710708789874144e-02
8.489295767251764380e-01,7.226518219521690378e-01,3.820134181899773052e-01,-7.023193019373484558e-02,-4.984573930623032445e-01,-7.756786869657581462e-01,-8.218541256087975588e-01,-6.271520390882272533e-01,-2.533410889782867215e-01,1.865241194710512973e-01,5.632114837116192207e-01,7.699924311006949296e-01,7.530598546076417987e-01,5.249428588070206292e-01,1.578044651578746904e-01,-2.402492735131865620e-01,-5.578427251262481068e-01,-7.118729550662478145e-01,-6.688962870455953391e-01,-4.510192118561596186e-01,-1.258886580992815696e-01,2.150328461407843283e-01,4.827998189427473719e-01,6.142414355738685661e-01,5.861328229963186365e-01,4.174381039681878680e-01,1.603596989734149270e-01,-1.161505292107939957e-01,-3.452235687280935661e-01,-4.781265421768684520e-01,-4.938412390914272976e-01,-4.006608673274406063e-01,-2.305432964310061006e-01,-2.865850765844157183e-02,1.586301141613939980e-01,2.942574087831816843e-01,3.572152901710234363e-01,3.446417704618675582e-01,2.695652027698997588e-01,1.555755584943668279e-01,3.015906831278507283e-02,-8.159825629008841952e-02,-1.616484727946483624e-01,-2.012930929928339330e-01,-2.011403737438490769e-01,-1.691899759816712645e-01,-1.178199473102162081e-01,-6.051345151535168082e-02,-9.034301206355769068e-03,2.848619428248221411e-02,4.837281937528995629e-02,5.121588529245907351e-02,4.092052324983957989e-02,2.333614529279407629e-02,4.806540712970478434e-03,-9.082943854478643664e-03,-1.438408206672412738e-02,-9.220102033242310799e-03,6.201881887249855417e-03,2.991246609599801029e-02,5.871380945204732194e-02,8.879897091639124551e-02,1.163468497888403702e-01,1.380127863477791650e-01,1.512693826769947736e-01,1.545843969346352986e-01,1.474482448447752003e-01,1.302806829221907492e-01,1.042545922667088842e-01,7.107573062706709632e-02,3.275289261674461938e-02,-8.614695850117684919e-03,-5.101475091915171761e-02,-9.265458719981271851e-02,-1.320467618353364792e-01,-1.680507569193007145e-01,-1.998771265223129867e-01,-2.270620762653487168e-01,-2.494204145690734065e-01,-2.669834664522913181e-01,-2.799259503810938576e-01,-2.884816389165093531e-01,-2.928405640073392657e-01,-2.930071082325217402e-01,-2.885697722703517432e-01,-2.782685544276506384e-01,-2.591030829968762328e-01,-2.245252350485602011e-01,-1.622472491384958915e-01,-6.506483142153884902e-02
8.489295767251764380e-01,7.171618306029514667e-01,3.634185768809589656e-01,-1.010295537451175313e-01,-5.309482351389716026e-01,-7.934503064613840362e-01,-8.097290451600497319e-01,-5.788237120441686034e-01,-1.761847692765032003e-01,2.718087514784973679e-01,6.284903298885453626e-01,7.892794677149401750e-01,7.123889927884782258e-01,4.288245489156169432e-01,2.965598555639737885e-02,-3.642197011718825705e-01,-6.394972643176517479e-01,-7.232433559133133461e-01,-6.015250647313931109e-01,-3.194315415718260165e-01,3.599198604692743775e-02,3.634291158148346690e-01,5.766196487178134600e-01,6.267858985466497890e-01,5.125211955467028346e-01,2.757189793398285849e-01,-1.376716411167882778e-02,-2.792237816408056905e-01,-4.575438160802270393e-01,-5.136897776061520871e-01,-4.461470036953069096e-01,-2.831918283138870063e-01,-7.224122416017321469e-02,1.340021565823635574e-01,2.906653135276466293e-01,3.699714293449234970e-01,3.650360493656680250e-01,2.882023599072895403e-01,1.652518794798591428e-01,2.757155061005378202e-02,-9.554964538921910389e-02,-1.827708277289905314e-01,-2.237398049042553516e-01,-2.191998663156870808e-01,-1.787229361522113535e-01,-1.170381176145107865e-01,-5.002576962796875110e-02,8.711460293904375526e-03,5.011110753639661658e-02,7.053212213502425831e-02,7.137315202099002442e-02,5.777602548683598988e-02,3.686618358490315744e-02,1.596927992939951510e-02,1.146553955991257753e-03,-3.748078488519579997e-03,2.569788174549106439e-03,1.897342834048835677e-02,4.246552344518535194e-02,6.892880841396122060e-02,9.391988719204744096e-02,1.133717124693981587e-01,1.241168188978098164e-01,1.241922574192743239e-01,1.129294818511899640e-01,9.086309806343020878e-02,5.950978988840709138e-02,2.107394592885008730e-02,-2.186776095814719698e-02,-6.666096055520195907e-02,-1.108186397795081490e-01,-1.522012650139974443e-01,-1.891281165221398164e-01,-2.204247364291722355e-01,-2.454170469834754675e-01,-2.638854558303778686e-01,-2.759926490392433096e-01,-2.821974241211484546e-01,-2.831644520844508461e-01,-2.796767578997959580e-01,-2.725542109990067297e-01,-2.625772804503781477e-01,-2.504099104980058721e-01,-2.365063445348500881e-01,-2.209684121322952055e-01,-2.032786505031478064e-01,-1.817441169219223274e-01,-1.523593405558554270e-01,-1.074244746726303185e-01,-4.243151969685841213e-02
8.489295767251764380e-01,7.116442335712745981e-01,3.448731830069418081e-01,-1.312598935194465577e-01,-5.617400842382926918e-01,-8.080791085987830691e-01,-7.935353025812378336e-01,-5.270688501376449286e-01,-9.850913363728702743e-02,3.526632430146202646e-01,6.837321473438870978e-01,7.945207048096304403e-01,6.575880230396915493e-01,3.237810394051110485e-01,-9.735587722267956268e-02,-4.745990694678081101e-01,-6.966485437957889992e-01,-7.049052868755967260e-01,-5.078295779044913472e-01,-1.738639406655537178e-01,1.931457280327296966e-01,4.870466953458186810e-01,6.302720736304876503e-01,5.935710921754723257e-01,3.999277266896084648e-01,1.132318213001235335e-01,-1.833285721336287144e-01,-4.118185522688715405e-01,-5.198173919678432675e-01,-4.913393724526523565e-01,-3.466798205032073366e-01,-1.327607404280065073e-01,9.209516059693319268e-02,2.741427577012284789e-01,3.766981567816283238e-01,3.864994323962147038e-01,3.133486145677751855e-01,1.842593473261802672e-01,3.449833088968853878e-02,-1.017610923013113483e-01,-1.988755850339371245e-01,-2.438697836598477386e-01,-2.369504155806206325e-01,-1.889912483363186957e-01,-1.171647531907146073e-01,-4.007379381264140894e-02,2.643992091729715013e-02,7.204051644614326011e-02,9.291345861662642092e-02,9.120731363735058717e-02,7.335825615006399958e-02,4.788502182488108688e-02,2.321705305251686030e-02,5.982288409349526166e-03,-9.356704283408087027e-06,5.958223014589560801e-03,2.186480392090332098e-02,4.374349537313651504e-02,6.666948746404287307e-02,8.573404317194943669e-02,9.684292911772469925e-02,9.724631270454550669e-02,8.577348556233038712e-02,6.279932478884273084e-02,3.000451849082450342e-02,-9.992456045261034758e-03,-5.405398892598372446e-02,-9.892699358926305975e-02,-1.415842858406207438e-01,-1.794764960492074291e-01,-2.106856474465820805e-01,-2.339859616879018944e-01,-2.488271124673482881e-01,-2.552601453541942789e-01,-2.538273616934720311e-01,-2.454356834623993844e-01,-2.312294829459616841e-01,-2.124745590346846513e-01,-1.904606333681875818e-01,-1.664259387830595294e-01,-1.415044660480672678e-01,-1.166943316208155640e-01,-9.284452945509032162e-02,-7.065701442629268580e-02,-5.070172977520740615e-02,-3.344428782879086542e-02,-1.929060629420068299e-02,-8.659150437486053467e-03,-2.063238963921181814e-03,1.883762853374633742e-04
8.489295767251764380e-01,7.061059939055140955e-01,3.264024997706636566e-01,-1.608810063400469004e-01,-5.908073525901917922e-01,-8.196336548295825031e-01,-7.735430922514350272e-01,-4.724381211343858800e-01,-2.110662063744855182e-02,4.282839041180179218e-01,7.285434598992475141e-01,7.862275581203933550e-01,5.904175113978943346e-01,2.127628064796076024e-01,-2.197150518909053440e-01,-5.684506994338959229e-01,-7.283066715447850115e-01,-6.589122072278751352e-01,-3.932065938733082522e-01,-2.221537504441141800e-02,3.371353916558089692e-01,5.795496387068659327e-01,6.420531437513650186e-01,5.190620363987101804e-01,2.588475248891144442e-01,-5.552731002782038128e-02,-3.333688369074775948e-01,-5.026717633247296257e-01,-5.280623588018300563e-01,-4.163042433760498762e-01,-2.094762498913394499e-01,3.055850474387947907e-02,2.408599666837860087e-01,3.737403876634862732e-01,4.067105590902717061e-01,3.444369894870599746e-01,2.135189497349214982e-01,5.264864958271913559e-02,-9.854396608637210064e-02,-2.089373778719586516e-01,-2.616428423448946550e-01,-2.553197122898327454e-01,-2.016208770452007915e-01,-1.201401635877018259e-01,-3.254816354147218455e-02,4.256230234699244497e-02,9.309377610622668331e-02,1.147228621095202628e-01,1.102135446606172658e-01,8.734017253807693781e-02,5.617185008150490932e-02,2.643707822175050265e-02,5.505038316206028667e-03,-2.733658199731689008e-03,1.944894992846229890e-03,1.667689073075718717e-02,3.657939497100400755e-02,5.600124609115270102e-02,6.968668762551992468e-02,7.366170008752873088e-02,6.574761642690359065e-02,4.569423451298709749e-02,1.499096107337888860e-02,-2.354655564633273759e-02,-6.630452974970514612e-02,-1.094130010439650635e-01,-1.492233517290133538e-01,-1.826716797107769963e-01,-2.075066501338300451e-01,-2.223841406298593670e-01,-2.268478263443833576e-01,-2.212243664037725210e-01,-2.064648765420277476e-01,-1.839624457361772325e-01,-1.553703588793548529e-01,-1.224390905336152913e-01,-8.688338379346562113e-02,-5.028477107356754683e-02,-1.403029992967595729e-02,2.071471838113010666e-02,5.300326489107130140e-02,8.207489149388148830e-02,1.072943996111530712e-01,1.280508132232895946e-01,1.435868974266431564e-01,1.526846481451531734e-01,1.530337994979212579e-01,1.399731813398612246e-01,1.049704169278606603e-01,4.301980362891659471e-02
8.489295767251764380e-01,7.005540530518823417e-01,3.080310002387134927e-01,-1.898547867249137100e-01,-6.181342614300414651e-01,-8.281985331963077623e-01,-7.500373586305623119e-01,-4.154766136898671580e-01,5.528465749500487136e-02,4.979957523560000210e-01,7.627353460029573373e-01,7.651465938367711939e-01,5.128023348259790337e-01,9.867414821731314289e-02,-3.342891847726288113e-01,-6.436009590429737637e-01,-7.345142726816736856e-01,-5.883345001970691213e-01,-2.636420769842914846e-01,1.278689797029331776e-01,4.608691823210059879e-01,6.369646056996921546e-01,6.131676860828033648e-01,4.103708468719847735e-01,1.012176561794326107e-01,-2.166086176365346061e-01,-4.517896286701461595e-01,-5.453542473917668554e-01,-4.841046268676991171e-01,-2.991286015022358580e-01,-5.184182487649546811e-02,1.866651023852801405e-01,3.561195819209261315e-01,4.216666770028827393e-01,3.794478777551742454e-01,2.530861354672336305e-01,8.353423643560123346e-02,-8.388064790953311811e-02,-2.113283793808353461e-01,-2.763928953729419824e-01,-2.747533831032287766e-01,-2.179545254686556521e-01,-1.277780139240862201e-01,-2.927164526286378868e-02,5.560583475649315960e-02,1.123349565066069644e-01,1.355774175085187327e-01,1.284604022602683360e-01,1.000975683084757983e-01,6.229239986766842152e-02,2.634062067165941767e-02,6.156740589050223268e-04,-1.070960370404044557e-02,-7.780416148805106326e-03,5.755270860455859172e-03,2.412524124258528732e-02,4.097680169237578190e-02,5.074823559764509578e-02,4.964328225186592780e-02,3.611226388037304391e-02,1.085737697508114621e-02,-2.353906844752640115e-02,-6.322248458561804951e-02,-1.037627684956977658e-01,-1.408136874948842376e-01,-1.706450943504378703e-01,-1.904995770004472844e-01,-1.987630582098796062e-01,-1.949680833314937356e-01,-1.796669509733514192e-01,-1.542197854915366984e-01,-1.205420461248933595e-01,-8.084948168156742832e-02,-3.742889637602988401e-02,7.547380737268365516e-03,5.215502958965796687e-02,9.479866957570726171e-02,1.342448918405627079e-01,1.696149875246525662e-01,2.003455960465359287e-01,2.261240057493691391e-01,2.468010089434279075e-01,2.622768789794048261e-01,2.723417485542499183e-01,2.764214341339372161e-01,2.731116182597443376e-01,2.592339459639138588e-01,2.279392814741721118e-01,1.664120541221141836e-01,6.714308521388061279e-02
8.489295767251764380e-01,6.949953215571977871e-01,2.897823342872038466e-01,-2.181469570773169331e-01,-6.437144435960798772e-01,-8.338727909119851844e-01,-7.233140635405311825e-01,-3.567176586050929687e-01,1.299875526495398725e-01,5.612539531668974124e-01,7.863105199849758087e-01,7.322227213257396228e-01,4.267674928659839773e-01,-1.570800308550675609e-02,-4.383983964703710434e-01,-6.986496336098720894e-01,-7.162495564413718929e-01,-4.970267313210191551e-01,-1.253604514773789813e-01,2.693858961106267436e-01,5.588882531725052338e-01,6.577059746926794404e-01,5.473636413106008902e-01,2.764699570144397711e-01,-6.067651126157731084e-02,-3.577457748653238290e-01,-5.301689369158434362e-01,-5.384110233994310324e-01,-3.948033799227075313e-01,-1.539770005727369162e-01,1.079894872219171048e-01,3.178952578785088634e-01,4.255465720408159735e-01,4.144793287227800938e-01,3.016770083270490233e-01,1.281439015052972530e-01,-5.551551089770714181e-02,-2.036942373139356555e-01,-2.865769817967828703e-01,-2.949450822392006843e-01,-2.388499130173979690e-01,-1.416768298526807357e-01,-3.202624646638294048e-02,6.409745740302048855e-02,1.289033697117976385e-01,1.553116136904515443e-01,1.463845895429318478e-01,1.124870282458119708e-01,6.734171259379490015e-02,2.414656781113855982e-02,-7.362599425893910469e-03,-2.244240676274943808e-02,-2.143136764884902637e-02,-8.694887424575642107e-03,9.095895093302958784e-03,2.484186135691152444e-02,3.262731434679207870e-02,2.879623464780822067e-02,1.239519811668567291e-02,-1.496834087577473583e-02,-4.970408898976863554e-02,-8.705955181223663797e-02,-1.219921619758293219e-01,-1.499385014073617017e-01,-1.673805843757643907e-01,-1.721663011714077152e-01,-1.635901304646807941e-01,-1.422750201108211598e-01,-1.099152221862174095e-01,-6.894444436326015169e-02,-2.218746735176639617e-02,2.745942897861234841e-02,7.728936557183281597e-02,1.249722844248288139e-01,1.686666943394743989e-01,2.070626992383388099e-01,2.393687685092689421e-01,2.652569239000113210e-01,2.847805844382667040e-01,2.982768958020632910e-01,3.062614321526903050e-01,3.093176646034331290e-01,3.079755090106273130e-01,3.025593814484306421e-01,2.929581576136731091e-01,2.782070095592611980e-01,2.556344533363082983e-01,2.191373880777912897e-01,1.570900923759462886e-01,6.268702612397311635e-02
8.489295767251764380e-01,6.894366700455917263e-01,2.716793001762220494e-01,-2.457270374092996035e-01,-6.675505019985095156e-01,-8.367683376672208073e-01,-6.936765966018613172e-01,-2.966772924688241830e-01,2.023909631792375763e-01,6.176426171424190814e-01,7.994473133876094373e-01,6.885608326697219006e-01,3.343773702873950593e-01,-1.278028613882427889e-01,-5.298604732289673436e-01,-7.329481769979583339e-01,-6.752986233380288139e-01,-3.893827447989505197e-01,1.549924233342317957e-02,3.962810574358656690e-01,6.275194194549654769e-01,6.424376351243772376e-01,4.504257677485005718e-01,1.273548673609820603e-01,-2.151923454308109218e-01,-4.692062039302527521e-01,-5.641334755835752945e-01,-4.849864170082773818e-01,-2.708386782290252981e-01,3.255009514057625140e-03,2.530113504158167381e-01,4.108701376223725110e-01,4.433718313791358834e-01,3.560541660481904014e-01,1.863837024092706018e-01,-1.127247794772222485e-02,-1.829821463042869134e-01,-2.895830246073745617e-01,-3.145519769990370862e-01,-2.644294228850764261e-01,-1.630871401802494736e-01,-4.256402280815594491e-02,6.643067741958449957e-02,1.418042586047636167e-01,1.737389649437207084e-01,1.645548809967889159e-01,1.256217036814076815e-01,7.272277548559040461e-02,2.134425027594257299e-02,-1.695549951410916731e-02,-3.646894285876242647e-02,-3.748049616546969554e-02,-2.498676169933802468e-02,-6.600072799511367064e-03,9.717438945452558374e-03,1.755648814246530895e-02,1.327121676616884599e-02,-3.607202876047866085e-03,-3.066962557729703207e-02,-6.343296072525181351e-02,-9.639183491384895053e-02,-1.240744689712313109e-01,-1.419163480159674473e-01,-1.468421214407528985e-01,-1.375226226071078472e-01,-1.143358598348710037e-01,-7.910125566386776164e-02,-3.467442287278642982e-02,1.551116947457315161e-02,6.788342162004724900e-02,1.191006117612709303e-01,1.663217342103894547e-01,2.073699642933330700e-01,2.407966012055106908e-01,2.658628816187993404e-01,2.824618735980614082e-01,2.910032134611041377e-01,2.922809815234969633e-01,2.873407502999998364e-01,2.773567800396875005e-01,2.635251260493660097e-01,2.469732396548400266e-01,2.286810046627093251e-01,2.094003769502444101e-01,1.895466134340024755e-01,1.690033145088997157e-01,1.467163156504385502e-01,1.198577546497840152e-01,8.280843528181963675e-02,3.228470535204247538e-02
8.489295767251764380e-01,6.838849204818889804e-01,2.537438207119880884e-01,-2.725682957554040886e-01,-6.896535303404737194e-01,-8.370083390492140119e-01,-6.614323656460983081e-01,-2.358493979087498138e-01,2.719534062370925764e-01,6.668712344599326824e-01,8.024812697423423513e-01,6.353871401822334120e-01,2.376800088546090761e-01,-2.352811185318083032e-01,-6.070134608432975476e-01,-7.465506405788998601e-01,-6.141068813604614318e-01,-2.700928779165052696e-01,1.531654035050759033e-01,5.036665683846062169e-01,6.649007304032711341e-01,5.938031574912912003e-01,3.295863766834128961e-01,-2.676844106330962536e-02,-3.521465442656271372e-01,-5.443161444516179115e-01,-5.533113219828045271e-01,-3.920466570454682609e-01,-1.252574638061490220e-01,1.567776847258139650e-01,3.691810667372414367e-01,4.575824084552460591e-01,4.103735228148997494e-01,2.562837560234969558e-01,5.033504275005685341e-02,-1.457053765797475808e-01,-2.816585796911016404e-01,-3.309154184998854831e-01,-2.937591049206297322e-01,-1.926849817172183454e-01,-6.254363813053614995e-02,6.076751542258702204e-02,1.496986047309151191e-01,1.903952824850386472e-01,1.834237578381359979e-01,1.406610017733701257e-01,7.997775986294598793e-02,1.955226131041691573e-02,-2.667003416637927365e-02,-5.149345517767214137e-02,-5.479668054906166458e-02,-4.207367778520826329e-02,-2.193511615784462382e-02,-3.386392549581350702e-03,6.441517281602261377e-03,3.694608282396079444e-03,-1.179126789416142483e-02,-3.694574238398553451e-02,-6.651033656178746700e-02,-9.434195152471704093e-02,-1.146665886593478401e-01,-1.230585982611226009e-01,-1.170257046230875758e-01,-9.618038933558341330e-02,-6.205566285141437405e-02,-1.766963862688274850e-02,3.304098576939600018e-02,8.580734332230233186e-02,1.365482419058015040e-01,1.817686324582521162e-01,2.188131720125536528e-01,2.459773260887873347e-01,2.624966739844916130e-01,2.684451557747088990e-01,2.645759679432244105e-01,2.521364765272104957e-01,2.326828822303869115e-01,2.079132709460405903e-01,1.795305510797395865e-01,1.491405921035907634e-01,1.181862003531052585e-01,8.791467740205022308e-02,5.937580704495166312e-02,3.344869091745945183e-02,1.090137045074103354e-02,-7.499417388089025735e-03,-2.078161635580664385e-02,-2.737674050283246674e-02,-2.465363548464514706e-02,-1.106523779526318203e-02
8.489295767251764380e-01,6.783468377328575327e-01,2.359969239319876511e-01,-2.986476805153445158e-01,-7.100426024329278274e-01,-8.347256181683160303e-01,-6.268895982233656516e-01,-1.747015394710701441e-01,3.382051529088103137e-01,7.087690552384158238e-01,7.958850547289356703e-01,5.740113299806933744e-01,1.386575863008421006e-01,-3.361064356211209136e-01,-6.687174737927660262e-01,-7.401427329402143762e-01,-5.356191850831731882e-01,-1.439154877020119572e-01,2.824638667050908269e-01,5.879477792148390947e-01,6.708954007235308215e-01,5.160612253751649670e-01,1.929087296294701992e-01,-1.762099061152286872e-01,-4.634124880662363055e-01,-5.796596677303741396e-01,-5.009302604380028168e-01,-2.693379856244520476e-01,2.803012214406774491e-02,2.924911618145397130e-01,4.465917912045964111e-01,4.557007363803216027e-01,3.330513775483634475e-01,1.291651594446643625e-01,-8.854421386951073780e-02,-2.580632959576272256e-01,-3.398496300585547303e-01,-3.244654350505942197e-01,-2.302156302000916144e-01,-9.333476103527010848e-02,4.503205835417628533e-02,1.507319324961983176e-01,2.042820326745924397e-01,2.030671334644047199e-01,1.586034700460805247e-01,9.065607947905818254e-02,2.045471112465386404e-02,-3.501154815101111678e-02,-6.637833100420864607e-02,-7.261780247096019658e-02,-5.949497733386523851e-02,-3.665779599669801575e-02,-1.438084196979179559e-02,-8.269204841273826911e-04,-3.629211091971847047e-04,-1.309261742991879932e-02,-3.545165145614610769e-02,-6.150864565063408201e-02,-8.454617978546097312e-02,-9.853628307660527996e-02,-9.923749186637231823e-02,-8.478035732545601000e-02,-5.573849743939198603e-02,-1.477890954386916651e-02,3.396144823461192536e-02,8.561378087880293364e-02,1.352908677241168034e-01,1.786747559682786701e-01,2.124225534661238479e-01,2.343756789047094780e-01,2.435901559520679827e-01,2.402259833042174053e-01,2.253426160048185578e-01,2.006472937439980064e-01,1.682363008183415942e-01,1.303592277295508584e-01,8.922544940395793489e-02,4.686216631610917727e-02,5.025584553998234914e-03,-3.483832989436179417e-02,-7.158941135305138537e-02,-1.043503791145584531e-01,-1.324262377969236404e-01,-1.551762325691793953e-01,-1.718053135432411060e-01,-1.809895405095069132e-01,-1.801352499117387373e-01,-1.639122188465096108e-01,-1.224847544517836812e-01,-5.009231639668564745e-02
8.489295767251764380e-01,6.728291214359648498e-01,2.184587282260981034e-01,-3.239457360300379563e-01,-7.287442363366180009e-01,-8.300610821418841212e-01,-5.903543795853805065e-01,-1.136714999996458753e-01,4.007490218494340062e-01,7.432777417845508605e-01,7.802473522405253270e-01,5.057904946307617555e-01,3.918394065386428954e-02,-4.285632838223629726e-01,-7.143381780313766694e-01,-7.149547511831845226e-01,-4.431175641740993099e-01,-1.547248039313965130e-02,3.989901505788218672e-01,6.468642039428775803e-01,6.469150082277627112e-01,4.146646324845257303e-01,4.869231666492846583e-02,-3.123909554402368172e-01,-5.432802855729482738e-01,-5.749818862807261066e-01,-4.131522632365056125e-01,-1.282237149105871776e-01,1.756384716793699119e-01,3.991798548960025506e-01,4.800310996644699402e-01,4.081762942423263762e-01,2.222196237863366952e-01,-9.370255848326701498e-03,-2.135838597382626047e-01,-3.356177241599312966e-01,-3.523485318618813089e-01,-2.740006546890652595e-01,-1.356391859120178733e-01,1.705967702015506043e-02,1.424526472239937280e-01,2.136329994583041347e-01,2.229073382658439684e-01,1.800576845935257242e-01,1.061835708937777095e-01,2.577574707654987918e-02,-4.042620053809478642e-02,-8.003527679991878641e-02,-9.041446441433530212e-02,-7.721889426758431207e-02,-5.110345408735094547e-02,-2.385314344063594119e-02,-5.044410286357488109e-03,4.936649045848519383e-05,-8.930177661730013747e-03,-2.812186330793220793e-02,-5.100604364415584069e-02,-7.029458171212943363e-02,-7.966561516238858387e-02,-7.500649003564012485e-02,-5.501111494810645430e-02,-2.114607022622734880e-02,2.287889421113618177e-02,7.193802529574666593e-02,1.204090460893925268e-01,1.630128126779568920e-01,1.954566808436319081e-01,2.148262303100711978e-01,2.197238074782235928e-01,2.101914973305023804e-01,1.874782904231560854e-01,1.537178268090334810e-01,1.115778677668002594e-01,6.393006876568005370e-02,1.357294185269830589e-02,-3.697455537393818520e-02,-8.560437855772128068e-02,-1.306807259420996736e-01,-1.710419674549253088e-01,-2.059558048844053468e-01,-2.350390749100507159e-01,-2.581492441637616153e-01,-2.752462184431344605e-01,-2.862072341156977062e-01,-2.905450900002065073e-01,-2.869079582009907425e-01,-2.720822158240755462e-01,-2.390014507464052196e-01,-1.743404238084611535e-01,-7.030235824761417451e-02
8.489295767251764380e-01,6.673383981837570644e-01,2.011484317859370263e-01,-3.484465027456223885e-01,-7.457918393912119637e-01,-8.231621885177233811e-01,-5.521279468600038820e-01,-5.316450950365263217e-02,4.592599454304919226e-01,7.704426253149074810e-01,7.562513689551698670e-01,4.320956393841169363e-01,-5.901036700714056005e-02,-5.112718193936804933e-01,-7.437148492420742052e-01,-6.726640837735369249e-01,-3.400642877853722323e-01,1.109241616752185411e-01,4.992225029350076393e-01,6.794540478932771244e-01,5.956758612551235066e-01,2.958193311647591139e-01,-9.506021087092053623e-02,-4.282825758815124728e-01,-5.885852603326940935e-01,-5.328492440027982058e-01,-2.982455737675785423e-01,1.946778227801662306e-02,3.058534238126519034e-01,4.692485579346195035e-01,4.689588716936724522e-01,3.223091029804785457e-01,9.128781984398924576e-02,-1.435589420763662138e-01,-3.112731682293746194e-01,-3.711214275404392526e-01,-3.203544939971973982e-01,-1.889001212025607224e-01,-2.502957551634007322e-02,1.218890875745550911e-01,2.157464035014863279e-01,2.414246264042992085e-01,2.049648355093548480e-01,1.276879653713395846e-01,3.724197302796532216e-02,-4.121690536489935192e-02,-9.126121202784102937e-02,-1.076889156661046953e-01,-9.543189786409964070e-02,-6.597974248173875400e-02,-3.283637609384407186e-02,-7.426949853906591667e-03,3.581222393140149566e-03,-8.274531427504148084e-04,-1.674030894578653825e-02,-3.712899848619049398e-02,-5.408437875473953715e-02,-6.086432365644443149e-02,-5.333121517276208368e-02,-3.059122252553125865e-02,5.135950563322599742e-03,4.923400108664127695e-02,9.573539904070541007e-02,1.384341872547099339e-01,1.718549332399366136e-01,1.919436178613987964e-01,1.964275279511243921e-01,1.848599320056669715e-01,1.584123998532910305e-01,1.195010318588576176e-01,7.133562294613161880e-02,1.746871748128749416e-02,-3.859882841265997039e-02,-9.372192884332546103e-02,-1.453120181227427754e-01,-1.914378847959867513e-01,-2.308408997354477465e-01,-2.628844906593115205e-01,-2.874587488594609330e-01,-3.048586698764880198e-01,-3.156496724194034487e-01,-3.205271077158783899e-01,-3.201667333805997551e-01,-3.150474755617478362e-01,-3.051977101393602565e-01,-2.897508032931063737e-01,-2.660534360268121956e-01,-2.278723045052859220e-01,-1.632230904523178650e-01,-6.509916718142605419e-02
8.489295767251764380e-01,6.618812140304398683e-01,1.840843062554064768e-01,-3.721374033554400995e-01,-7.612251399610062697e-01,-8.141814650652008378e-01,-5.125042536440512775e-01,6.448852955165309403e-03,5.134834361351193754e-01,7.904028968267319266e-01,7.246535091995982558e-01,3.542813825566655250e-01,-1.543652764286718992e-01,-5.831908769793000546e-01,-7.571161573616846940e-01,-6.152926675541063872e-01,-2.299566423970026141e-01,2.314105489348234346e-01,5.805779431739268581e-01,6.859551865588796593e-01,5.209132128495602698e-01,1.660556881298185239e-01,-2.310857847473033744e-01,-5.186763884840910332e-01,-5.986297079808269306e-01,-4.581331861688066609e-01,-1.656944111260097718e-01,1.624758646092775705e-01,4.094609741599935515e-01,4.989953872241026933e-01,4.170004283086879426e-01,2.084709396220361666e-01,-4.550903786575390825e-02,-2.595815630254132422e-01,-3.724884110662183279e-01,-3.630395756539164798e-01,-2.505219724532516401e-01,-8.217552873893441134e-02,8.587386761628001963e-02,2.069558588215277828e-01,2.558892823247196913e-01,2.322606319234393202e-01,1.557369483200425619e-01,5.647661872491162305e-02,-3.548570156676142395e-02,-9.856086111761924728e-02,-1.237401331545281979e-01,-1.142990281093271554e-01,-8.215040192038305933e-02,-4.261942776498765795e-02,-9.433592674364983319e-03,8.762789445987059778e-03,9.781306841892883561e-03,-2.740637468708353140e-03,-2.136979736409289413e-02,-3.749165803834832167e-02,-4.374197991000751407e-02,-3.571265482518307804e-02,-1.268726289433838583e-02,2.255946992804789414e-02,6.466511355345597178e-02,1.069570789254459808e-01,1.427756714307996666e-01,1.665828683178585401e-01,1.747002288310160745e-01,1.656256854564910896e-01,1.399661776538007052e-01,1.000797720611606156e-01,4.954536995694650003e-02,-7.424525209159740270e-03,-6.653356801252761910e-02,-1.238496644056269747e-01,-1.761186709732845412e-01,-2.209381597505734318e-01,-2.568056461690133574e-01,-2.830675904364145512e-01,-2.998001443115437814e-01,-3.076516598264801838e-01,-3.076723031264706476e-01,-3.011494523885712149e-01,-2.894601736690610161e-01,-2.739445761964648396e-01,-2.557959537691089080e-01,-2.359535174279920877e-01,-2.149663020147230819e-01,-1.927606580699802175e-01,-1.681655322809916253e-01,-1.379409173604541627e-01,-9.559663035908835815e-02,-3.734296963405305675e-02
8.489295767251764380e-01,6.564640273257386083e-01,1.672836944377763257e-01,-3.950091163307882236e-01,-7.750896114455702035e-01,-8.032750946542612791e-01,-4.717678140139717202e-01,6.483411375048096781e-02,5.632330902575090059e-01,8.033810505597293039e-01,6.862627117962114554e-01,2.736592982164489096e-01,-2.455108458399988813e-01,-6.436104645339946195e-01,-7.551868997925773597e-01,-5.451042474237547397e-01,-1.161983014978870826e-01,3.426719560774875717e-01,6.414164330891305443e-01,6.676573606158457963e-01,4.270768804632766869e-01,3.183806341179403615e-02,-3.531961692127330021e-01,-5.802941947520146027e-01,-5.749361491815145886e-01,-3.573880936732672930e-01,-2.533497771882394986e-02,2.909437635566765601e-01,4.802275906431571206e-01,4.884688302616283506e-01,3.310898388693533922e-01,7.868749713794639944e-02,-1.747112708038655315e-01,-3.468468183220037582e-01,-3.929981183027573266e-01,-3.150141742728713168e-01,-1.534257460344307933e-01,3.171001585377216520e-02,1.828500671564249058e-01,2.621895769733926795e-01,2.594960944210003007e-01,1.899590816846182528e-01,8.476865117610962730e-02,-2.116203975883411414e-02,-1.000012722453769154e-01,-1.374199106184314234e-01,-1.337023721118426323e-01,-1.004134023352166449e-01,-5.458804141561073020e-02,-1.266534103381958092e-02,1.406653653812907703e-02,2.159050339645697536e-02,1.281427711669611003e-02,-4.598342732879595607e-03,-2.124373286292567664e-02,-2.887820194015802006e-02,-2.249462050902469035e-02,-1.239405343451157118e-03,3.180855999761186825e-02,7.071472684022585276e-02,1.082115976535179686e-01,1.372561169296818429e-01,1.522999330739462365e-01,1.500852959756451277e-01,1.299169569352238707e-01,9.347119712392583379e-02,4.427217066497537989e-02,-1.300836040320517938e-02,-7.328128246377313415e-02,-1.316862058215105546e-01,-1.840817640897935425e-01,-2.273506498979601664e-01,-2.595244859131383697e-01,-2.797573102037383963e-01,-2.881888621536193851e-01,-2.857416494543640884e-01,-2.738916353782174240e-01,-2.544441808929084337e-01,-2.293371260313890325e-01,-2.004834838676187170e-01,-1.696583405375369502e-01,-1.384287978023300836e-01,-1.081223393373068331e-01,-7.982787473663648103e-02,-5.442517385254356382e-02,-3.264358490488965953e-02,-1.516252776711825290e-02,-2.782349493558314377e-03,3.378166575275856186e-03,2.659233492820039114e-03
8.489295767251764380e-01,6.510932018796239396e-01,1.507630118986292012e-01,-4.170554382584971687e-01,-7.874358937795687963e-01,-7.906015752124199159e-01,-4.301918300619799185e-01,1.216937532855769666e-01,6.083872711321354210e-01,8.096718802727842501e-01,6.419208646746199509e-01,1.914751846030572635e-01,-3.312796103163546668e-01,-6.921353441619206848e-01,-7.388888235320738573e-01,-4.645055986239003953e-01,-1.990642724589612202e-03,4.420072170249799703e-01,6.810004431212698384e-01,6.267209807921017006e-01,3.190292437049333518e-01,-1.007681211073658128e-01,-4.564993744602362513e-01,-6.117532609147863232e-01,-5.208778184576680070e-01,-2.381913845279085284e-01,1.134116108074318258e-01,3.970137511556990351e-01,5.150433775072610354e-01,4.409926756551408311e-01,2.204132846275548285e-01,-5.473837481548286810e-02,-2.849084383165947365e-01,-3.987111926582699306e-01,-3.733072510887305295e-01,-2.347667566817986939e-01,-4.175601579276626979e-02,1.388778248237531043e-01,2.548852273054196260e-01,2.824894718064338561e-01,2.285505183804462659e-01,1.226690488784529798e-01,3.816389654787078183e-03,-9.315500289170042247e-02,-1.469106547829990839e-01,-1.529600102024102903e-01,-1.212543679664833118e-01,-7.006616646107585722e-02,-1.880488738082736547e-02,1.788790984103557150e-02,3.335220450737078762e-02,2.912974180678814043e-02,1.280663848210277303e-02,-5.393339541759382613e-03,-1.606562383370633770e-02,-1.320408224596105948e-02,4.577537105271718004e-03,3.420514579620096557e-02,6.936252359050881777e-02,1.022684191279070037e-01,1.255003733684890432e-01,1.334625264420742363e-01,1.232659692385652261e-01,9.496682123022655297e-02,5.124858222542472835e-02,-3.278751990547277336e-03,-6.296155560286009756e-02,-1.219835637054829391e-01,-1.751075505955951017e-01,-2.181981429849140508e-01,-2.485013999489629477e-01,-2.647002243975158375e-01,-2.667924579526221307e-01,-2.558508823876070593e-01,-2.337241788481485283e-01,-2.027292409226336689e-01,-1.653722035624950459e-01,-1.241215638498969626e-01,-8.124426355409650191e-02,-3.870601578139680476e-02,1.868841602866708586e-03,3.918480598250131258e-02,7.221457198266294231e-02,1.000865046473561892e-01,1.218966836766533918e-01,1.363772792994780991e-01,1.412560140458755942e-01,1.320066719543294964e-01,1.003479596606249719e-01,4.143578282975571986e-02
8.489295767251764380e-01,6.457750004600689708e-01,1.345377522896921141e-01,-4.382731363977001027e-01,-7.983192172861061087e-01,-7.763204630260818195e-01,-3.880366025672993824e-01,1.767674931568068153e-01,6.488851154830429513e-01,8.096313047327935442e-01,5.924846345102902090e-01,1.088903894669414341e-01,-4.107122217689904153e-01,-7.286613915567198285e-01,-7.094384682576372336e-01,-3.759550892150962942e-01,1.097540883866368611e-01,5.273586945470066789e-01,6.994185210317860335e-01,5.659774577852652033e-01,2.017629991495934472e-01,-2.263597946673222838e-01,-5.375102703443735974e-01,-6.134128036683349494e-01,-4.412342072769465107e-01,-1.085049389545794524e-01,2.421603917118158034e-01,4.751682779452846006e-01,5.137714143050641225e-01,3.624623529782340925e-01,9.529654189935898856e-02,-1.804196882001093127e-01,-3.675985375697765067e-01,-4.126483544654154789e-01,-3.179767663429280411e-01,-1.326811509940471201e-01,7.146592038505038269e-02,2.276670496519111464e-01,2.951532846245951691e-01,2.677287907921155896e-01,1.693945226314882146e-01,4.110265258544125444e-02,-7.520628513112755098e-02,-1.495748881500032212e-01,-1.705383936068922968e-01,-1.445548976129030494e-01,-9.011645696923691051e-02,-2.954850255465928804e-02,1.849263204581175213e-02,4.374022017323307004e-02,4.549987824599804193e-02,3.075958386352432850e-02,1.046868772033270403e-02,-4.550028417893725932e-03,-6.838752048541086107e-03,6.002283396589559554e-03,3.128721168900394645e-02,6.254285266298950652e-02,9.153915087330992406e-02,1.104179986369191735e-01,1.134113795496462379e-01,9.785234447234400501e-02,6.440729471239517445e-02,1.663971649008171017e-02,-3.987460958150378793e-02,-9.862606087284503387e-02,-1.532140979905003697e-01,-1.981885282178732777e-01,-2.295996834229145356e-01,-2.452394992081350922e-01,-2.446098083930511591e-01,-2.286867813645121206e-01,-1.995623630911101676e-01,-1.600392534445115589e-01,-1.132413399881443405e-01,-6.228222251300386675e-02,-1.001512298434898730e-02,4.112891359892607845e-02,8.921948117359743136e-02,1.328337740212353069e-01,1.710059800992196899e-01,2.031305768388354527e-01,2.288234224646424064e-01,2.477289901889150325e-01,2.592300567691097624e-01,2.619459346065530214e-01,2.527535924255605027e-01,2.248552429506159578e-01,1.654496509244673674e-01,6.705577524020139846e-02
8.489295767251764380e-01,6.405155786245649852e-01,1.186224962058992083e-01,-4.586617928505952180e-01,-8.077988333595964576e-01,-7.605912059614299281e-01,-3.455482203528734697e-01,2.298320715044594453e-01,6.847220044534911843e-01,8.036652707559038822e-01,5.388089703861251856e-01,2.696718749233664031e-02,-4.830570587000929672e-01,-7.533464519609626153e-01,-6.682446579476293280e-01,-2.818811398459831197e-01,2.164771887864960775e-01,5.973114783554422935e-01,6.974820680686594221e-01,4.887246203547255252e-01,8.015190227896931696e-02,-3.403848325134233854e-01,-5.941608582625713675e-01,-5.871317166866042436e-01,-3.417170099133060024e-01,2.389548357972322984e-02,3.540106144929813237e-01,5.223304459236561836e-01,4.788676637846320805e-01,2.605204422864432767e-01,-3.384076333641388573e-02,-2.888003575193840988e-01,-4.176109882419897779e-01,-3.899473968787695033e-01,-2.345956353297805885e-01,-2.030268024196236684e-02,1.744222774067524517e-01,2.897189121535191370e-01,3.012823618852990548e-01,2.220781949301677272e-01,9.126971522730568942e-02,-4.330984713304818212e-02,-1.419567617361995604e-01,-1.837986795809496421e-01,-1.692501894916893235e-01,-1.152599101718234514e-01,-4.647455298394734952e-02,1.398526936817963418e-02,5.119424634615776099e-02,6.108616362444217740e-02,4.923188788061009374e-02,2.698997102780809759e-02,6.761979824877074191e-03,-2.071562826914796502e-03,4.470361239680532318e-03,2.457265588333532730e-02,5.189668928272553328e-02,7.784109282323596612e-02,9.401515363477998266e-02,9.427720535557923554e-02,7.594617010440028737e-02,4.007812202796888490e-02,-9.065415520041439010e-03,-6.508628723975326547e-02,-1.207375965136871787e-01,-1.691454505259804286e-01,-2.047614680021702105e-01,-2.239426309218471300e-01,-2.251468191764486870e-01,-2.088005539019814338e-01,-1.769342878639120764e-01,-1.326919149265082531e-01,-7.981157370808115992e-02,-2.215257080996445305e-02,3.668385726450783257e-02,9.361817003298708584e-02,1.462397722874105299e-01,1.928515105303088284e-01,2.324327145429621877e-01,2.645438984668281313e-01,2.891933511623660524e-01,3.066790646874308912e-01,3.174084020773361714e-01,3.216795314963563079e-01,3.193737086952431747e-01,3.094326391459393810e-01,2.888340228297376355e-01,2.505547014634390557e-01,1.811116603265904013e-01,7.263042131860053541e-02
8.489295767251764380e-01,6.353209788847897777e-01,1.030309233770986127e-01,-4.782236417134295703e-01,-8.159374560444411228e-01,-7.435720715446400009e-01,-3.029575202884355334e-01,2.807005598078612385e-01,7.159446359035496199e-01,7.922189511841146725e-01,4.817324649148111981e-01,-5.334191231712378384e-02,-5.477645954542976758e-01,-7.665773643655150460e-01,-6.168478976259548219e-01,-1.846123275736847036e-01,3.160160368322060820e-01,6.510664319125999411e-01,6.766044791774191713e-01,3.985288123313432407e-01,-4.125657086027961079e-02,-4.392564112072357418e-01,-6.257258982786169099e-01,-5.359688553865437077e-01,-2.285059498320468618e-01,1.518904211340919019e-01,4.438140559820373809e-01,5.377569677307555418e-01,4.148459034086622865e-01,1.437106942907188656e-01,-1.573724479484954752e-01,-3.727475070553675218e-01,-4.331268713334357479e-01,-3.350603153645730359e-01,-1.325904105824173285e-01,9.104703347884295084e-02,2.576354741243083724e-01,3.204725858096998947e-01,2.750068198387081164e-01,1.528745704407241390e-01,4.710476347076765664e-03,-1.200486657627818227e-01,-1.888608639176784509e-01,-1.929642717584571787e-01,-1.450904601742413758e-01,-7.079317795348995246e-02,2.360727943166966367e-03,5.379357885241398129e-02,7.468374766415492028e-02,6.798951472637304594e-02,4.482284463413323261e-02,1.912257826104824324e-02,2.619331282165828379e-03,1.517974425799731904e-03,1.548214918711693887e-02,3.871099599409486003e-02,6.236701876102602321e-02,7.742316815260198715e-02,7.710528958850654258e-02,5.840105027062349879e-02,2.245900393078352139e-02,-2.599432099531283000e-02,-7.989710271963648691e-02,-1.313634030615310200e-01,-1.731078353148568505e-01,-1.995315395853036189e-01,-2.073445863813769552e-01,-1.957173872795570091e-01,-1.660400347297560641e-01,-1.214158847689028042e-01,-6.602687691765207756e-02,-4.492158767448337087e-03,5.869007537981543732e-02,1.195644546242120437e-01,1.749849861301796539e-01,2.227337876836879282e-01,2.615166465705864307e-01,2.908682054256478966e-01,3.110003815565166585e-01,3.226232189680642293e-01,3.267597038016616939e-01,3.245663871658276411e-01,3.171599106902434628e-01,3.054333124558105683e-01,2.898179202330009585e-01,2.698882945893387730e-01,2.435827131805243517e-01,2.056383111337422576e-01,1.456973054244250498e-01,5.771445133581441095e-02
8.489295767251764380e-01,6.301971252024953785e-01,8.777582798647826090e-02,-4.969634005355120787e-01,-8.228007181515540891e-01,-7.254191732812859117e-01,-2.604793067991572064e-01,3.292212765945729536e-01,7.426458271244604781e-01,7.757664225654828938e-01,4.220646854284831329e-01,-1.312011485197701888e-01,-6.044773795756165358e-01,-7.689347212026239609e-01,-5.568635223981954763e-01,-8.632011960791885485e-02,4.066262317231552625e-01,6.883922590726069268e-01,6.386712298006868016e-01,2.990429157563625484e-01,-1.584018180806577303e-01,-5.203984462862702998e-01,-6.326826542827033162e-01,-4.638557353839315445e-01,-1.078259224145588918e-01,2.693683612213165768e-01,5.082736653422820217e-01,5.227692675786758114e-01,3.276624825253564577e-01,2.069258744916667100e-02,-2.671376233357372065e-01,-4.278204221454386946e-01,-4.153689143010096951e-01,-2.547360985984658543e-01,-2.203937833673188032e-02,1.913965507192004201e-01,3.146423995607752211e-01,3.191225277076638611e-01,2.213704825646731766e-01,6.927968661721917165e-02,-7.995380861597478628e-02,-1.807214443212325494e-01,-2.117058451995904311e-01,-1.777967130339704604e-01,-1.029337821467548875e-01,-1.829394250283255044e-02,4.922156000914954671e-02,8.451222562198811017e-02,8.631254752989783730e-02,6.436585929214094781e-02,3.376208859704018378e-02,8.861835055470283079e-03,-1.230055579702348271e-03,5.378456062691573496e-03,2.399097624662342373e-02,4.578798669525432907e-02,6.104640357436170311e-02,6.207441958229484996e-02,4.514196264962216931e-02,1.111518908741587763e-02,-3.510409937437335842e-02,-8.596800150397400364e-02,-1.330276395551923119e-01,-1.685922594733236801e-01,-1.869839543132477411e-01,-1.852294190429654430e-01,-1.631800732205369586e-01,-1.231624964977340447e-01,-6.932103728834315692e-02,-6.826887426564762912e-03,5.889502636665484847e-02,1.228129712349852048e-01,1.807496210464650532e-01,2.296421131123043691e-01,2.676187592944581084e-01,2.939305633355886460e-01,3.087840411194266443e-01,3.131208228898844648e-01,3.083823753158029257e-01,2.962879456601990591e-01,2.786428262573913406e-01,2.571836414976904628e-01,2.334578427061348160e-01,2.087247920785547939e-01,1.838520966924062916e-01,1.591545222974493912e-01,1.340670928484035962e-01,1.064667583412142599e-01,7.184479160626298933e-02,2.757322131855925382e-02
8.489295767251764380e-01,6.251498178134400341e-01,7.286913690011594114e-02,-5.148880973668369387e-01,-8.284566451224046890e-01,-7.062855971272173905e-01,-2.183118171314806233e-01,3.752763544341867763e-01,7.649591676969985654e-01,7.548009741606953593e-01,3.605755233057502118e-01,-2.058950740937376123e-01,-6.530164862824651140e-01,-7.611567817308891870e-01,-4.899300233399992432e-01,1.102545887057268699e-02,4.869854952426396766e-01,7.095619399923680515e-01,5.859085255270078951e-01,1.938470594216215037e-01,-2.678228014744779006e-01,-5.822309096445433818e-01,-6.165246056971260824e-01,-3.752679838933331014e-01,1.441215411252915607e-02,3.714537387711042138e-01,5.458950610533535031e-01,4.803739022770398548e-01,2.240884516750509536e-01,-1.004238202150657400e-01,-3.568736162130141665e-01,-4.522501375775841437e-01,-3.680555278021058752e-01,-1.570750031291798243e-01,8.737716391178415587e-02,2.729117407672760898e-01,3.422152495432453367e-01,2.881484216734960246e-01,1.476728343134883770e-01,-1.905025773419012636e-02,-1.538029024692592894e-01,-2.197791181575581010e-01,-2.096659534912193590e-01,-1.419608360433975980e-01,-4.938331641782411213e-02,3.489770497765706803e-02,8.808709884187256034e-02,1.027165910291119311e-01,8.546573839178887855e-02,5.167026930867373025e-02,1.829495560406636107e-02,-2.036472647894571435e-03,-4.324150571656157870e-03,8.617840936170611393e-03,2.843546742063242719e-02,4.476457021619317106e-02,4.873196825493422701e-02,3.545376910984117391e-02,5.058379495070566140e-03,-3.773844294325525567e-02,-8.511594997004004459e-02,-1.281282656608473403e-01,-1.586346678434904234e-01,-1.707729186428459667e-01,-1.617645853620400254e-01,-1.320318296548518844e-01,-8.474843779702036228e-02,-2.502650280777173747e-02,4.104315155561057138e-02,1.073086190911688026e-01,1.683006746863860981e-01,2.197342291824512239e-01,2.587557304992944007e-01,2.839665215908008244e-01,2.952764873061303752e-01,2.936507597991355190e-01,2.808086535479868973e-01,2.589229592705097338e-01,2.303534768286480128e-01,1.974344842773158859e-01,1.623238558339479554e-01,1.269128749467455519e-01,9.279087914012207339e-02,6.125799057838389461e-02,3.338324508660732437e-02,1.011745306716392394e-02,-7.503206085441465646e-03,-1.798981716687562266e-02,-1.896865805335280764e-02,-9.050319633397753763e-03
8.489295767251764380e-01,6.201847283749909456e-01,5.832193058596354257e-02,-5.320068946199452142e-01,-8.329751494158865732e-01,-6.863206286613912077e-01,-1.766364165097641936e-01,4.187800163066135450e-01,7.830536312916687169e-01,7.298261672115389231e-01,2.979865523912114678e-01,-2.768290602293310698e-01,-6.933653061736176904e-01,-7.441037771051762784e-01,-4.176635605433118292e-01,1.056875010811841875e-01,5.561819632549920289e-01,7.152787494930989975e-01,5.207569056596246249e-01,8.631633144069097985e-02,-3.667247240610436720e-01,-6.241060274578785760e-01,-5.795483996844920105e-01,-2.749170336139084569e-01,1.328934283345455380e-01,4.546169179379878633e-01,5.568212350419635692e-01,4.148230089970888490e-01,1.111242282637133760e-01,-2.125866180831574859e-01,-4.224151812988715671e-01,-4.466868122157044430e-01,-2.967191312870331998e-01,-5.061742741357951048e-02,1.872029423456627040e-01,3.303215436335084076e-01,3.401931668502464201e-01,2.325603748721959407e-01,6.234237690520984254e-02,-1.031138100585192591e-01,-2.101352551330079865e-01,-2.347355576176833047e-01,-1.848753628275522087e-01,-9.113463407861904786e-02,8.364755028886445079e-03,8.225691003595320128e-02,1.147245121527008943e-01,1.070817157165866729e-01,7.330428617143674996e-02,3.241342975289999290e-02,9.520314436054634448e-04,-1.202844837373992504e-02,-6.446155531187372154e-03,1.053068696826850621e-02,2.815826332375916119e-02,3.621127920638466530e-02,2.820239174244931757e-02,2.988177401762692840e-03,-3.535567138726645325e-02,-7.901411421544721203e-02,-1.186267939978950386e-01,-1.455255164817571001e-01,-1.534901404168432792e-01,-1.397323094440169888e-01,-1.050565600012621365e-01,-5.333542762490368211e-02,9.458177008953454201e-03,7.639166798133986691e-02,1.406523430010571674e-01,1.964026499568891915e-01,2.393293938888197137e-01,2.668777037132114560e-01,2.782134103498451472e-01,2.739871938188859213e-01,2.559826397114430274e-01,2.267235445892512025e-01,1.890997345258899620e-01,1.460510561331828383e-01,1.003304207995882880e-01,5.435158050968204313e-02,1.011705316909681032e-02,-3.078320978784691506e-02,-6.711082193041735533e-02,-9.785569418332297487e-02,-1.220298106223692419e-01,-1.383104606472468634e-01,-1.443642762356182885e-01,-1.355433514228872593e-01,-1.033233368497130100e-01,-4.272750270765427599e-02
8.489295767251764380e-01,6.153073954318951655e-01,4.414446649599756273e-02,-5.483309109102139089e-01,-8.364275477623880350e-01,-6.656690802654419148e-01,-1.356175056747027097e-01,4.596766161160694697e-01,7.971282432253073980e-01,7.013477320157822659e-01,2.349643384787993006e-01,-3.435271261264576381e-01,-7.256514817847736776e-01,-7.187236463513291262e-01,-3.416192850779090628e-01,1.961819893701524931e-01,6.136897517326852514e-01,7.065966864230148747e-01,4.457548317342361344e-01,-2.048242929805195109e-02,-4.530039307569564411e-01,-6.462073882180079387e-01,-5.246314723189506868e-01,-1.674780449511281410e-01,2.430990519604603051e-01,5.166798479497899388e-01,5.425843144738046187e-01,3.311604148567824368e-01,-4.503087766845832729e-03,-3.101403321718464445e-01,-4.616870209760219890e-01,-4.137837138920286706e-01,-2.079821238454448440e-01,5.644656169694379361e-02,2.707650885676027297e-01,3.610081123839769535e-01,3.110226587532585740e-01,1.590065481190694185e-01,-2.611037123567819598e-02,-1.754248735951017546e-01,-2.448600967962225317e-01,-2.259660654299116556e-01,-1.417034753428683680e-01,-3.199443767291686863e-02,6.351855553628446560e-02,1.187797794899222575e-01,1.269505425425375977e-01,9.820712530366783322e-02,5.229997153472745741e-02,9.625494491829844276e-03,-1.585459766974137846e-02,-1.994096502321150016e-02,-7.556475371049442037e-03,1.075222791892307267e-02,2.343183369861161214e-02,2.199196320690382372e-02,3.421495070845921669e-03,-2.941104612087586806e-02,-6.908009842751769436e-02,-1.059518321210180108e-01,-1.307524607824996632e-01,-1.366805675379340890e-01,-1.206566742191545749e-01,-8.360126584761201629e-02,-2.987712259404070453e-02,3.382028304993800472e-02,9.979540002893241835e-02,1.606164750453146217e-01,2.101055373100625678e-01,2.439519832644502506e-01,2.599400008712341448e-01,2.578476526609738695e-01,2.391128549034121087e-01,2.063714602857502911e-01,1.629622814975201228e-01,1.124716745538864443e-01,5.836394875034960072e-02,3.719153124990539835e-03,-4.891978894002189937e-02,-9.760154514676513959e-02,-1.409394872048610747e-01,-1.780201548854540294e-01,-2.082568598792873260e-01,-2.311824290297227469e-01,-2.461424998862339619e-01,-2.517803986804275085e-01,-2.450540211075069863e-01,-2.193165857654757467e-01,-1.620103426636023136e-01,-6.580863804046591103e-02
8.489295767251764380e-01,6.105232201936673375e-01,3.034620468217779504e-02,-5.638730419718326337e-01,-8.388861032070709101e-01,-6.444707164924902143e-01,-9.540262210548654254e-02,4.979384959149160683e-01,8.074068879735490922e-01,6.698663609395901775e-01,1.721156013088087078e-01,-4.056275034809734281e-01,-7.501277464337086087e-01,-6.860200363876429730e-01,-2.632597418077429752e-01,2.812867685274484941e-01,6.593347557274971127e-01,6.848395779855742660e-01,3.634359051163952303e-01,-1.238646296374127237e-01,-5.252368988730321542e-01,-6.494240125054225876e-01,-4.550150596059863717e-01,-5.736446963362282908e-02,3.414258111349687819e-01,5.567363026676779292e-01,5.058080370158516414e-01,2.347909180580771971e-01,-1.167351952841525209e-01,-3.889983425813226536e-01,-4.745307137351836291e-01,-3.576882339591038740e-01,-1.088680962870356844e-01,1.568927758237154968e-01,3.334632086202514722e-01,3.648202985918811980e-01,2.591177861992877141e-01,7.487422327875993544e-02,-1.099526972225488008e-01,-2.305402359179757610e-01,-2.565113362637455041e-01,-1.962011807730641155e-01,-8.589376897533307353e-02,2.872964548426587550e-02,1.104398447714010217e-01,1.413464962221587240e-01,1.245611954036782154e-01,7.821012408241602432e-02,2.568293881707517379e-02,-1.363720499817855022e-02,-3.012403936190553161e-02,-2.503488830270487672e-02,-7.715814524365008538e-03,9.304736015891738529e-03,1.528723495227953325e-02,4.742446699203336710e-03,-2.135603022438525497e-02,-5.650479468095484514e-02,-9.105203461261840436e-02,-1.150885211210364717e-01,-1.209898821486256881e-01,-1.050408704878903199e-01,-6.793292872345743638e-02,-1.424403134005858967e-02,4.878321724114013935e-02,1.127711988840514740e-01,1.696818955046987265e-01,2.129746693723669204e-01,2.383125025491414639e-01,2.438001041938977487e-01,2.298247080043293866e-01,1.986191732881367189e-01,1.536799429446472631e-01,9.915857429596192096e-02,3.931616623504793212e-02,-2.190463021634946050e-02,-8.116751341994896118e-02,-1.358929893163201008e-01,-1.842903500868489919e-01,-2.252978227332122774e-01,-2.584578275973651862e-01,-2.837484846386666426e-01,-3.013808728449740015e-01,-3.115515786153018607e-01,-3.141028102259678656e-01,-3.079642877902152853e-01,-2.900850052747175889e-01,-2.533331474691171148e-01,-1.839678772385221206e-01,-7.397607986005137748e-02
8.489295767251764380e-01,6.058374626160429877e-01,1.693583541513942609e-02,-5.786477816755084547e-01,-8.404235934549163511e-01,-6.228597748132677081e-01,-5.612271546319876070e-02,5.335637094584012585e-01,8.141333279744925600e-01,6.358714285875010086e-01,1.099840984669607363e-01,-4.628763484829381825e-01,-7.671523407282521134e-01,-6.470231954901642935e-01,-1.839303227241702032e-01,3.600410774065403441e-01,6.932535598966083068e-01,6.515224442049946108e-01,2.762420318721079959e-01,-2.215741504166524045e-01,-5.826401277047316141e-01,-6.352106605702904085e-01,-3.741041379209405493e-01,5.144551438343506616e-02,4.252326373198398457e-01,5.750081769320387615e-01,4.498915694768489404e-01,1.311005604818178683e-01,-2.204607018687128328e-01,-4.466679368367828529e-01,-4.624138466970934558e-01,-2.835041360062992011e-01,-6.205281767550421650e-03,2.448797132981232749e-01,3.728148507397474609e-01,3.436874692230318384e-01,1.901469696539140886e-01,-1.251396471110469318e-02,-1.828430658514020313e-01,-2.652627558703481436e-01,-2.459633643742545617e-01,-1.498460573122521733e-01,-2.370778128126601811e-02,8.501803437382909889e-02,1.450988851108181710e-01,1.487689600853678851e-01,1.090158915961148972e-01,5.020058014131503765e-02,-3.096293680458651193e-03,-3.468073484535847545e-02,-4.043543444921776642e-02,-2.699491699833304892e-02,-7.024831412518315124e-03,6.545635574399417088e-03,5.219863426557351874e-03,-1.270855271423777799e-02,-4.237534799646460598e-02,-7.454631385896487439e-02,-9.876230999402510480e-02,-1.063651463797791186e-01,-9.261965487145733256e-02,-5.756649120216744686e-02,-5.645591701504645323e-03,5.558139333637511503e-02,1.171498857388192649e-01,1.704047012304754916e-01,2.083686001619707295e-01,2.265834294307867980e-01,2.233896132283131331e-01,1.997237605154123519e-01,1.585798128227438875e-01,1.042982910638786537e-01,4.183182810806888863e-02,-2.390217502607291239e-02,-8.851555000332958500e-02,-1.484653254759856766e-01,-2.011992218076724404e-01,-2.451588956345430725e-01,-2.796786700309056850e-01,-3.048179402827339568e-01,-3.211593882416776125e-01,-3.295946429475478667e-01,-3.311047537713004418e-01,-3.265226278274587224e-01,-3.162303057563344844e-01,-2.996744558222212418e-01,-2.744365492839199172e-01,-2.343911339602042232e-01,-1.674843294648993841e-01,-6.668987006184856625e-02
8.489295767251764380e-01,6.012552377780446822e-01,3.921308574171925368e-03,-5.926710440994117368e-01,-8.411129066375503394e-01,-6.009645780628537493e-01,-1.789257741933476115e-02,5.665736581819927897e-01,8.175664922829560810e-01,5.998356463161534924e-01,4.904907669023121641e-02,-5.151200050813693476e-01,-7.771695936347798872e-01,-6.027641960312533076e-01,-1.048414906533062241e-01,4.317371397963996049e-01,7.158481388503585841e-01,6.082779741089678893e-01,1.864536540319730318e-01,-3.118044377653574339e-01,-6.250080772883922497e-01,-6.054443042945627518e-01,-2.852925175627625265e-01,1.555299394860713558e-01,4.928248317247629351e-01,5.726596022790204632e-01,3.787003707895881810e-01,2.514574248370313528e-02,-3.116777581125742547e-01,-4.821554864853266897e-01,-4.280695301516078133e-01,-1.967778356604009959e-01,9.384260621849772888e-02,3.161686432038686156e-01,3.883040274688602800e-01,3.011150735789390742e-01,1.103369478376881319e-01,-9.654184697701999329e-02,-2.401826957234568238e-01,-2.785675307832777281e-01,-2.159481463556620351e-01,-9.224736348387893581e-02,3.881935738058577695e-02,1.320878926179463175e-01,1.652418977426783897e-01,1.415891754442442363e-01,8.297676604719379789e-02,1.773861362860179938e-02,-3.081801902920616038e-02,-5.142897271711861090e-02,-4.600314296992761426e-02,-2.587210231815186695e-02,-5.591121731443865657e-03,3.048866806313877114e-03,-5.142884737768822941e-03,-2.784960663735911585e-02,-5.693490418059828084e-02,-8.167477165038009024e-02,-9.226909692525743500e-02,-8.258151815209759106e-02,-5.151390108619620378e-02,-2.923516976677586164e-03,5.561417455551563582e-02,1.146814038558222199e-01,1.649884835371561997e-01,1.990036842805635864e-01,2.119869893194858690e-01,2.023586495462724455e-01,1.714825530258655417e-01,1.230347942264431033e-01,6.215849897841628502e-02,-5.410614334494636204e-03,-7.410895449331825202e-02,-1.391174310165402828e-01,-1.967120394263441041e-01,-2.444046886476792524e-01,-2.809127183755035229e-01,-3.060074939888282608e-01,-3.202928282524051262e-01,-3.249565215748889124e-01,-3.215265457359253731e-01,-3.116498326785704931e-01,-2.968972172433625434e-01,-2.785813855141523465e-01,-2.575499228973015531e-01,-2.338679473119305574e-01,-2.062051938084652480e-01,-1.706049473241715020e-01,-1.189938022954285940e-01,-4.666814051848160866e-02
8.489295767251764380e-01,5.967815125453688196e-01,-8.690135422134336041e-03,-6.059599875281974635e-01,-8.410266652494513551e-01,-5.789072341756255069e-01,1.918859398754835938e-02,5.970106817223502782e-01,8.179760812359938571e-01,5.622106373557395065e-01,-1.027488013037576066e-02,-5.622962033740778187e-01,-7.806911610696366521e-01,-5.542527449369314407e-01,-2.705729739703348347e-02,4.959053704841146493e-01,7.277387377696569182e-01,5.567902274294777021e-01,9.613713837972968912e-02,-3.931978932571352225e-01,-6.526361475851860661e-01,-5.622849836213499319e-01,-1.918181354513978643e-01,2.520941739312919649e-01,5.433888857378097459e-01,5.515891593611393917e-01,2.962838531048552215e-01,-7.858022223885596791e-02,-3.875522410510978677e-01,-4.957835516022595090e-01,-3.751100607316750768e-01,-1.030474527998810758e-01,1.861033031833745077e-01,3.681683186903833560e-01,3.810892309801049427e-01,2.416372015669628337e-01,2.586127226489802478e-02,-1.717472434440423801e-01,-2.792247031459629270e-01,-2.713207985029734148e-01,-1.704738084349097793e-01,-2.900655728370692132e-02,9.644647210770240786e-02,1.666700976500351816e-01,1.703161740864332641e-01,1.217129202164440455e-01,4.979856040876552703e-02,-1.564764915798036102e-02,-5.481775423021562066e-02,-6.254512292461006373e-02,-4.664203773255709562e-02,-2.200238564522859555e-02,-3.521886580354967322e-03,-5.403843601437882541e-04,-1.433822778617116142e-02,-3.884460928837799726e-02,-6.364852176355258184e-02,-7.790043229402912606e-02,-7.375438781191369364e-02,-4.844850853007383329e-02,-4.714132849055295907e-03,5.027176091474344632e-02,1.068473111903584100e-01,1.550956929462833089e-01,1.867881964108613346e-01,1.966832635724180545e-01,1.830521072893566137e-01,1.474954741399152058e-01,9.424182406917838706e-02,2.916767653839342361e-02,-4.123135287193689658e-02,-1.107429557566266681e-01,-1.741077237707548409e-01,-2.274172632656144555e-01,-2.682556724947959270e-01,-2.956335791620690601e-01,-3.097794987918344178e-01,-3.118537413540201086e-01,-3.036405274485474148e-01,-2.872593163547927375e-01,-2.649205187274693007e-01,-2.387362811388008543e-01,-2.105849128154187455e-01,-1.820172576234210249e-01,-1.541823850604314150e-01,-1.277324045169761502e-01,-1.026307682808814126e-01,-7.773975468491409191e-02,-5.031266105822478768e-02,-1.875128560403092892e-02
8.489295767251764380e-01,5.924211025100464267e-01,-2.089193337318231980e-02,-6.185328411769071000e-01,-8.402368786516528631e-01,-5.568034181867331789e-01,5.503651503250573535e-02,6.249356408269333141e-01,8.156385215076831230e-01,5.234234011011105192e-01,-6.763678618484776639e-02,-6.044245486355632746e-01,-7.782783198971516825e-01,-5.024586833340253245e-01,4.851042271164959785e-02,5.522947314414374809e-01,7.297169796973024258e-01,4.987369741451075922e-01,7.108581267855328296e-03,-4.648274508913705638e-01,-6.662351477036511094e-01,-5.080473985589052388e-01,-9.665075278657124513e-02,3.389976609382254202e-01,5.768914308076806829e-01,5.142177428402268102e-01,2.066333923450818510e-01,-1.763023743965919654e-01,-4.463885474624531557e-01,-4.889520938027865360e-01,-3.076509488395586245e-01,-7.478852843962336891e-03,2.665827387279974814e-01,3.998379737506418952e-01,3.536284926922920735e-01,1.702881505515840554e-01,-5.764451360594601698e-02,-2.340724056932965980e-01,-2.989835082415315815e-01,-2.458689434071895941e-01,-1.142322842148843359e-01,3.459198672228129545e-02,1.450907379705506928e-01,1.870614269357444848e-01,1.612189812191790472e-01,9.196396642227870621e-02,1.304643944693008144e-02,-4.683614828374291911e-02,-7.317287453306968448e-02,-6.743783014678612908e-02,-4.267188749712999551e-02,-1.591867563366841654e-02,-9.331492715130806611e-04,-3.640684717644184030e-03,-2.127959081218216628e-02,-4.470548964696470506e-02,-6.243267154241072953e-02,-6.477583224492776404e-02,-4.680876453638433549e-02,-9.505965082332985816e-03,4.090084253008122867e-02,9.483625760877770206e-02,1.418345356848488281e-01,1.728368317995506165e-01,1.818387567442814323e-01,1.666633502541749468e-01,1.288830338343014414e-01,7.308855934561524215e-02,5.785289497537790364e-03,-6.580285645920344595e-02,-1.347981553214978034e-01,-1.954625007014550719e-01,-2.436644103963251373e-01,-2.770337227250503909e-01,-2.948635386741459974e-01,-2.978402224950024157e-01,-2.876836900274598596e-01,-2.667683083015756629e-01,-2.377760979330192093e-01,-2.034139765976692160e-01,-1.662092079532201394e-01,-1.283840823336325765e-01,-9.180300792862386428e-02,-5.798300869321686840e-02,-2.816311060004527550e-02,-3.442762664881169037e-03,1.496772254923317211e-02,2.529609537746994874e-02,2.467807394079605740e-02,1.144280328100849044e-02
8.489295767251764380e-01,5.881786691956574220e-01,-3.267816596717641048e-02,-6.304087353582927822e-01,-8.388146242166577560e-01,-5.347622309909307869e-01,8.958104102573921645e-02,6.504255260416281770e-01,8.108332949539582835e-01,4.838736206502955439e-01,-1.227471551872796468e-01,-6.415966219866101605e-01,-7.705256226025866129e-01,-4.482971428735458841e-01,1.211028967169459070e-01,6.008496913558917241e-01,7.227008736272315659e-01,4.357414490176181321e-01,-7.908734220334674714e-02,-5.261643754420004537e-01,-6.668428972629490969e-01,-4.450877184388052354e-01,-2.411887635210626865e-03,4.147433606414801521e-01,5.939553779547216417e-01,4.632861930509361570e-01,1.134883785086492347e-01,-2.650465605573245065e-01,-4.875331964666506090e-01,-4.638733608271384257e-01,-2.299723964301649826e-01,8.540044921740146122e-02,3.325261679306109053e-01,4.114879729726215185e-01,3.092736441208594478e-01,9.213822532027179935e-02,-1.354224788096248522e-01,-2.809368331563290577e-01,-2.999992108796522561e-01,-2.055708610642804357e-01,-5.206301656706719544e-02,9.400079154124382774e-02,1.819947602368721384e-01,1.929989113311619819e-01,1.399422946857351580e-01,5.563238095791717824e-02,-2.390520902087561045e-02,-7.335643392831452114e-02,-8.476243915344808255e-02,-6.618086736926705183e-02,-3.478892782352570323e-02,-8.267713384546447955e-03,2.035820450702105228e-03,-5.833102722529567158e-03,-2.536258089007484631e-02,-4.529028687831187366e-02,-5.428391284629242863e-02,-4.488381822469583726e-02,-1.563534163694859508e-02,2.886761946531503711e-02,7.963647503300780306e-02,1.258657899849737194e-01,1.575943703284004571e-01,1.677841951508238783e-01,1.534517857610248615e-01,1.157963169086735772e-01,5.950724050765571205e-02,-8.435272876009232770e-03,-8.012906241806672103e-02,-1.480040129374074753e-01,-2.057740537407089509e-01,-2.490047907702200025e-01,-2.753036965264986646e-01,-2.842006938122111914e-01,-2.768171784461931351e-01,-2.554256593826022548e-01,-2.229883206352491209e-01,-1.827395262110004248e-01,-1.378518490959614873e-01,-9.120267690921336767e-02,-4.524169774748416223e-02,-1.949801667518576793e-03,3.712240128517866472e-02,7.074206135440627707e-02,9.779431747901337624e-02,1.169384212936052658e-01,1.259693361035256753e-01,1.206050378085651992e-01,9.303982315557275673e-02,3.872562248673692281e-02
8.489295767251764380e-01,5.840587175167823997e-01,-4.404352358700713843e-02,-6.416075357343213881e-01,-8.368297568906405415e-01,-5.128861289779179655e-01,1.227653132885303117e-01,6.735711210437203000e-01,8.038396546182231539e-01,4.439317563063605587e-01,-1.753750487146381876e-01,-6.739659751547405486e-01,-7.580461306291513823e-01,-3.926172163486812972e-01,1.901110570290943658e-01,6.416851145915205556e-01,7.076930207934085670e-01,3.693337493477744093e-01,-1.611852907411196745e-01,-5.770362139626473708e-01,-6.557376373899220789e-01,-3.757083449546901321e-01,8.867503731880833906e-02,4.784378009712686453e-01,5.957250102793859581e-01,4.016730987827057953e-01,2.019289126590225608e-02,-3.426586587565130237e-01,-5.112321152876987407e-01,-4.233054027889499582e-01,-1.462359177170220459e-01,1.718697358736858416e-01,3.823762145915323707e-01,4.045177254508428577e-01,2.518763952508742965e-01,1.192158295673026273e-02,-2.037877288372260121e-01,-3.111660617827253228e-01,-2.840139458803646044e-01,-1.543349356298923114e-01,1.148374721896516445e-02,1.456673921575694919e-01,2.057246799876339127e-01,1.854132267633744613e-01,1.091797276110679921e-01,1.607172762360763868e-02,-5.816476556087758071e-02,-9.350888380544329637e-02,-8.922497558675365759e-02,-5.937840800758117238e-02,-2.392816994006627743e-02,2.622119540615818400e-04,5.212346637078657703e-03,-6.911609572418563920e-03,-2.647013962730384792e-02,-4.116725898728554323e-02,-4.093390875226893266e-02,-2.127370986530891656e-02,1.567054957252327421e-02,6.220374879872278551e-02,1.075896117036182625e-01,1.410241731010063171e-01,1.542078729647094471e-01,1.429587870295874752e-01,1.076792664047228620e-01,5.280532105438413837e-02,-1.443271969339978561e-02,-8.554199323309771841e-02,-1.522348428277371379e-01,-2.075810128929934939e-01,-2.467193306988658130e-01,-2.671180170158497513e-01,-2.684548091672455672e-01,-2.522320521343739963e-01,-2.212518516886569919e-01,-1.790618007653612120e-01,-1.294536500433572657e-01,-7.606523788499706951e-02,-2.210695435375678586e-02,2.978803602636260692e-02,7.760410460002027666e-02,1.198932003604173957e-01,1.556502353095897406e-01,1.841158282971263327e-01,2.044782909926217140e-01,2.153816277542202895e-01,2.140081994409075150e-01,1.943140851817718728e-01,1.449167525202755269e-01,5.918699083264626626e-02
8.489295767251764380e-01,5.800655934808711667e-01,-5.498327146789277337e-02,-6.521496822161310103e-01,-8.343506466792214304e-01,-4.912709184001461948e-01,1.545448456205714693e-01,6.944747449989004950e-01,7.949337322825474894e-01,4.039378593479705515e-01,-2.253444454292244659e-01,-7.017382610761025985e-01,-7.414583645775564280e-01,-3.361939143731716428e-01,2.550687598609726048e-01,6.750602475748426201e-01,6.857429545254116743e-01,3.009216523383141939e-01,-2.381959929736648662e-01,-6.175785397714733671e-01,-6.343569016878238820e-01,-3.020818314410972372e-01,1.748076676231157534e-01,5.297297507288193374e-01,5.837299660745742802e-01,3.322395585002431151e-01,-7.039852107296777628e-02,-4.077726256394926252e-01,-5.184612527661199843e-01,-3.703035335145618556e-01,-6.026512590020307453e-02,2.490943967475363618e-01,4.156541146010613863e-01,3.811266831040974745e-01,1.854373532340199970e-01,-6.623191413334525435e-02,-2.601949911597360443e-01,-3.248166038020876001e-01,-2.536122645497002059e-01,-9.620579323848339748e-02,7.246293577527392060e-02,1.871423017829977054e-01,2.160402504725658090e-01,1.661176631135757586e-01,7.194907608880143912e-02,-2.362082586103153581e-02,-8.749946406631720075e-02,-1.063753936838730957e-01,-8.684516071121275993e-02,-4.800554881684081926e-02,-1.113387016503510768e-02,9.000192221640194654e-03,8.389871678856330658e-03,-6.885847330416380516e-03,-2.489926807850701557e-02,-3.339955453215678188e-02,-2.446871250703471293e-02,3.048286916838849510e-03,4.366450115553950628e-02,8.738489580701713777e-02,1.228412908498337369e-01,1.403651042103880864e-01,1.341989275446055507e-01,1.034610974047629472e-01,5.188186851162907010e-02,-1.337978640955262387e-02,-8.339420543077943893e-02,-1.491557659381381740e-01,-2.029796783087868539e-01,-2.394127521844132134e-01,-2.556132981929212789e-01,-2.512653173115272365e-01,-2.281565396698065906e-01,-1.895705376337966652e-01,-1.396304688145599271e-01,-8.269956756236576667e-02,-2.290396906657255274e-02,3.619366806493899691e-02,9.177029833103535206e-02,1.417875958135024761e-01,1.849336122618261968e-01,2.204878141848773121e-01,2.481272077470089987e-01,2.676721279262930242e-01,2.787332766524684979e-01,2.801447371693492339e-01,2.689059324570741705e-01,2.381325581335206054e-01,1.745993230236169702e-01,7.060632044827411247e-02
8.489295767251764380e-01,5.762034821202708379e-01,-6.549321441781899567e-02,-6.620560330023046447e-01,-8.314439433219650288e-01,-4.700058081658944342e-01,1.848865663731281694e-01,7.132480939517665819e-01,7.843860340638886264e-01,3.642010346846824564e-01,-2.725300949513494997e-01,-7.251617008946155130e-01,-7.213750386396200476e-01,-2.797231169605559620e-01,3.156433328969546204e-01,7.013527946154318737e-01,6.579142160715635290e-01,2.317702768137743230e-01,-3.093939698529440396e-01,-6.481837041827352985e-01,-6.042244847417992393e-01,-2.261938894066260752e-01,2.546049622061388740e-01,5.687350853781525384e-01,5.597559596411707528e-01,2.577044251164327116e-01,-1.559705009634887729e-01,-4.597403322805496129e-01,-5.107476273923372556e-01,-3.080031529847223615e-01,2.460759250574651516e-02,3.151300330026007290e-01,4.327907541570272243e-01,3.440279170412962606e-01,1.138174565961279361e-01,-1.389617948702945582e-01,-3.032005504134223650e-01,-3.229375767624519944e-01,-2.118680451514611263e-01,-3.502902549204670729e-02,1.277275343950957098e-01,2.170622576488092093e-01,2.136817595469749087e-01,1.374817334522703827e-01,3.126769146747976347e-02,-6.082679472518406905e-02,-1.104049961588460527e-01,-1.117478935182100591e-01,-7.840045079290319796e-02,-3.324819926771710454e-02,2.550640854336510242e-03,1.733782748230754817e-02,1.133817106793790809e-02,-5.946196289747222689e-03,-2.124014000585782228e-02,-2.330464071750307578e-02,-6.982206820382514008e-03,2.550623990823013346e-02,6.587604686292236611e-02,1.027840904755053242e-01,1.253089896934135028e-01,1.258355695293288112e-01,1.016874116784326765e-01,5.533764536536133621e-02,-6.570457415992938047e-03,-7.492816212448233371e-02,-1.400716107769044982e-01,-1.934619652797082978e-01,-2.288590472045295421e-01,-2.428866199504587375e-01,-2.350326439792833899e-01,-2.072213109118351271e-01,-1.631323458083726863e-01,-1.074369580151785381e-01,-4.508495383962925207e-02,1.926978984800635855e-02,8.166505433817193571e-02,1.390447398283614633e-01,1.893150955807971769e-01,2.312786139206440827e-01,2.644835006608645678e-01,2.890201470608880774e-01,3.052824110473630337e-01,3.136892560507418826e-01,3.143233066298630196e-01,3.063645703252834696e-01,2.870339768922677282e-01,2.495362167441346757e-01,1.805891613256769002e-01,7.246203083477445461e-02
8.489295767251764380e-01,5.724764056418202296e-01,-7.556966130547804195e-02,-6.713477141735505471e-01,-8.281743672083559105e-01,-4.491735146785177935e-01,2.137678310119463243e-01,7.300101970810329854e-01,7.724593137901025752e-01,3.249994777736193163e-01,-3.168530072635300510e-01,-7.445180476017695392e-01,-6.983935856373861828e-01,-2.238191870133702799e-01,3.716241628115827256e-01,7.210338925462538295e-01,6.252564747457216576e-01,1.629897595142993927e-01,-3.742983798382360505e-01,-6.694493086884127919e-01,-5.668872054051817821e-01,-1.498044255736472041e-01,3.270892404115031127e-01,5.959545856164665256e-01,5.257279505724254953e-01,1.805508171511019944e-01,-2.347584816062540936e-01,-4.985358516459093003e-01,-4.899946298985967674e-01,-2.394418009243521606e-01,1.056324004970969899e-01,3.688680728497841232e-01,4.349318533019132516e-01,2.961862589627151099e-01,4.052079626184398181e-02,-2.037493616559208354e-01,-3.323476396091515350e-01,-3.073054324890282518e-01,-1.620287797665266316e-01,2.579341575769881351e-02,1.750097916247610741e-01,2.350411021355492402e-01,2.001160009427584985e-01,1.021270327911461967e-01,-1.009835834504711587e-02,-9.353191917811068401e-02,-1.260881941663575256e-01,-1.100035744982467700e-01,-6.499472740458492326e-02,-1.635956394967252522e-02,1.616800981311976304e-02,2.476111068458637307e-02,1.382178279922027797e-02,-4.405768078798705419e-03,-1.623867729045281455e-02,-1.223246604754768888e-02,9.691171286715921998e-03,4.419044711629202538e-02,8.091788148418412041e-02,1.081592345148585654e-01,1.163702682936910149e-01,1.006232211596967824e-01,6.151125143346270613e-02,4.579413048715644426e-03,-6.128698679659212029e-02,-1.259334442837056478e-01,-1.799183962668911008e-01,-2.160146908609530958e-01,-2.300412624830064090e-01,-2.210222809487093210e-01,-1.908037138690747425e-01,-1.433240138287740773e-01,-8.374355529143200083e-02,-1.760412844358772225e-02,4.986444576496491116e-02,1.142312011798536503e-01,1.721342193721293323e-01,2.213586170596720248e-01,2.607658586640749787e-01,2.901233561542233552e-01,3.098785604950849426e-01,3.209101084440476037e-01,3.242719358443765243e-01,3.209234266642629341e-01,3.114022692789308322e-01,2.953262460441875570e-01,2.704642574318721349e-01,2.309163484214117046e-01,1.649244084617310924e-01,6.564653931162918454e-02
8.489295767251764380e-01,5.688882217811477293e-01,-8.520938951349042723e-02,-6.800459751933255470e-01,-8.246045254044033213e-01,-4.288504123524237710e-01,2.411754187510505576e-01,7.448854997216109997e-01,7.594068082356771887e-01,2.865810100857765219e-01,-3.582757137787093704e-01,-7.601141682359024987e-01,-6.730884281976787786e-01,-1.690148896429060910e-01,4.229099710037992343e-01,7.346446135632365149e-01,5.887827513978803884e-01,9.552995103447875502e-02,-4.326489988033072054e-01,-6.821285749283362287e-01,-5.238623339473379437e-01,-7.442484518157008178e-02,3.916545786420864150e-01,6.121903415950903371e-01,4.836094569874739291e-01,1.029625362443795100e-01,-3.055297428248794911e-01,-5.246456718747329884e-01,-4.583218427508665149e-01,-1.674235200924213129e-01,1.806790599972492584e-01,4.099402085113426630e-01,4.237377712101427218e-01,2.405954034470754177e-01,-3.145077603024128143e-02,-2.589135103555434969e-01,-3.480033529686358262e-01,-2.801613505811726967e-01,-1.072563092378132077e-01,8.345702695028413276e-02,2.129107817160598437e-01,2.415018361428651061e-01,1.772765606545762540e-01,6.267024480817114107e-02,-4.980447426848175208e-02,-1.203666924583534498e-01,-1.343869883120795417e-01,-1.019538009579778332e-01,-4.789983196788617781e-02,1.456399918499007686e-03,2.890529899491291188e-02,3.087006494146162655e-02,1.562224647085476946e-02,-2.634483787643047970e-03,-1.066816021734735831e-02,-1.391215367059814951e-03,2.414479857656479447e-02,5.794627404925319081e-02,8.842106522718769235e-02,1.043830580558567228e-01,9.837611586584743550e-02,6.849003850104037894e-02,1.846239197200455484e-02,-4.362584144942280306e-02,-1.074607542261882265e-01,-1.627565353423795769e-01,-2.011362404102304546e-01,-2.173200521763224979e-01,-2.095381403639796081e-01,-1.792672559116914310e-01,-1.304977958278236150e-01,-6.877103455095766316e-02,-2.015842198157279162e-04,6.935808886950184382e-02,1.349232505366491086e-01,1.927274711224644665e-01,2.403398684520058060e-01,2.765985256466861886e-01,3.014200566086286392e-01,3.155425433618674891e-01,3.202478530702851933e-01,3.170936311310330047e-01,3.076672390749448649e-01,2.933528301825798490e-01,2.750727285971055203e-01,2.529090026803808011e-01,2.253979658577131007e-01,1.881351607515502067e-01,1.320931148971273283e-01,5.202025550037191887e-02
8.489295767251764380e-01,5.654426223486351821e-01,-9.440960954727321830e-02,-6.881720505991093528e-01,-8.207947515035978192e-01,-4.091067235180231854e-01,2.671045254962063353e-01,7.580020814204136981e-01,7.454708137151035974e-01,2.491640381612176824e-01,-3.967974203158436963e-01,-7.722743310645699966e-01,-6.460049107964049853e-01,-1.157632542326127723e-01,4.694953515663788934e-01,7.427744554646660280e-01,5.494516018066119001e-01,3.018104987529881059e-02,-4.843791516987243084e-01,-6.870842587081953390e-01,-4.765958592194612931e-01,-1.309408561670905718e-03,4.480258472047336515e-01,6.184652622572250902e-01,4.353199285629773541e-01,2.678749754389985263e-02,-3.675416665665264815e-01,-5.389545621092010075e-01,-4.179261824180238727e-01,-9.442479047868304609e-02,2.482296459877658679e-01,4.385979113674240426e-01,4.011937334272758227e-01,1.801014774157057297e-01,-9.967714795603481448e-02,-3.035487924973707119e-01,-3.511722926741260853e-01,-2.439728591083563380e-01,-5.043257714571169892e-02,1.358266751706776743e-01,2.408222749382955830e-01,2.374804053517748370e-01,1.473246597327228513e-01,2.152624914596405412e-02,-8.602096516127683001e-02,-1.405798133429603802e-01,-1.356520967333328109e-01,-8.868901239049009622e-02,-2.841900974788353143e-02,1.913009679979681132e-02,4.012734339451184962e-02,3.538735646732413254e-02,1.655939475606059072e-02,-9.979062776132260372e-04,-5.226994617071573958e-03,8.266161519864268989e-03,3.547099209420583044e-02,6.634221888977384629e-02,8.885240753658799062e-02,9.309273345157208224e-02,7.415588318941759849e-02,3.319537900832385952e-02,-2.327949168407202757e-02,-8.534346921525103047e-02,-1.421020571486153738e-01,-1.839657691209451995e-01,-2.042802907211664076e-01,-2.001060423362270579e-01,-1.721791294220017254e-01,-1.242483520635050964e-01,-6.205586859133435662e-02,7.775423492061278065e-03,7.874064210064012082e-02,1.452093872031804400e-01,2.028895130924593948e-01,2.490100889905364767e-01,2.822755699725275624e-01,3.026614707638327073e-01,3.111225838067250282e-01,3.092739459424372339e-01,2.990880086412419092e-01,2.826330798350771834e-01,2.618603455383770595e-01,2.384293862158007593e-01,2.135411099726693684e-01,1.877116964310638070e-01,1.603504048945998961e-01,1.289074607187555566e-01,8.784098412027868674e-02,3.392806108924322633e-02
8.489295767251764380e-01,5.621431319538993110e-01,-1.031679299820667250e-01,-6.957470281083337760e-01,-8.168029678880469602e-01,-3.900067415717975994e-01,2.915577639841955282e-01,7.694900139837720365e-01,7.308815799647725431e-01,2.129388635689280218e-01,-4.324491558342652975e-01,-7.813332521027438471e-01,-6.176547761908897094e-01,-6.444102243732449664e-02,5.114570643754221546e-01,7.460421233733866009e-01,5.081539605608766941e-01,-3.242092761069426121e-02,-5.295871732736038284e-01,-6.852472556698876449e-01,-4.264312232885096310e-01,6.854179551664854597e-02,4.962122281792176737e-01,6.159490147165487262e-01,3.826706180560533466e-01,-4.647568599077610274e-02,-4.204845639627372011e-01,-5.426347973460656782e-01,-3.709680754886340304e-01,-2.253851963594212526e-02,3.073376845353508191e-01,4.555811325151727376e-01,3.694414731142533492e-01,1.172748755938395476e-01,-1.623434838696225235e-01,-3.374246470946400955e-01,-3.433076213417456946e-01,-2.012333092110537291e-01,5.969443461417555698e-03,1.814410549024194630e-01,2.588050577303408484e-01,2.244262737621168513e-01,1.124474368968718385e-01,-1.922563598633341558e-02,-1.174607594373313357e-01,-1.539647181727025194e-01,-1.306121589851734766e-01,-7.143599672032389936e-02,-7.779877503133846364e-03,3.578011077215702967e-02,4.938846903567845753e-02,3.815731688867127214e-02,1.650779612573604824e-02,1.906136373307317682e-04,-4.708413604005535309e-04,1.609466751257711964e-02,4.325110590141108963e-02,6.955457237280651683e-02,8.327209147611025486e-02,7.633102717975830120e-02,4.658693878913752751e-02,-1.933211244202909414e-03,-6.048828607493700327e-02,-1.180612525794899059e-01,-1.639703843215716550e-01,-1.899965782295505445e-01,-1.916481713843218027e-01,-1.684784594174479899e-01,-1.236016875628024037e-01,-6.268425771960994819e-02,7.280000645722469431e-03,7.914403144958716274e-02,1.465482012212207530e-01,2.045377621691705783e-01,2.498484823308186054e-01,2.809086183028779438e-01,2.976355047017393285e-01,3.011121097149963011e-01,2.932197412333844011e-01,2.762849711088924964e-01,2.527779111632929565e-01,2.250794279737400316e-01,1.953188479549810563e-01,1.652713480300302962e-01,1.362937266339568354e-01,1.092640539626680146e-01,8.446652918773397967e-02,6.133036195166530896e-02,3.810424436038486323e-02,1.377037418879813180e-02
8.489295767251764380e-01,5.589931068956324189e-01,-1.114823229224526091e-01,-7.027917233066844904e-01,-8.126845688841681792e-01,-3.716090814242886120e-01,3.145441806670468687e-01,7.794798615128351038e-01,7.158564946183656463e-01,1.780692745836480739e-01,-4.652890044277530057e-01,-7.876299270458794188e-01,-5.885130473891267977e-01,-1.535334209708271759e-02,5.489404927784354848e-01,7.450787703963013264e-01,4.657042335800035682e-01,-9.178491165210465874e-02,-5.685077127872506519e-01,-6.775805995481621880e-01,-3.745877442802316160e-01,1.343707345502017925e-01,5.364584878443919846e-01,6.058926210811937940e-01,3.273182417975533665e-01,-1.156722970545477486e-01,-4.644156578944716451e-01,-5.370443864236660314e-01,-3.194838024375983299e-01,4.654920767149788724e-02,3.575642166702864277e-01,4.619875504289197576e-01,3.306388256225867295e-01,5.432784990935345115e-02,-2.182197464052942071e-01,-3.608630466448343732e-01,-3.261349376256954535e-01,-1.543057972132753641e-01,5.995552340850461570e-02,2.194665255783565250e-01,2.674454184889059061e-01,2.040182316786266492e-01,7.470209478043859930e-02,-5.791654901036459580e-02,-1.433561292020997524e-01,-1.607585641834796131e-01,-1.202395816217178143e-01,-5.143789754533497488e-02,1.294077499258236910e-02,5.073900208269360029e-02,5.642700966865794865e-02,3.913704745923997363e-02,1.540597611812030178e-02,7.003689518743810068e-04,3.220310844087173087e-03,2.175841478924663355e-02,4.748822097184353386e-02,6.820752269776533816e-02,7.308135045703242905e-02,5.623068389645534404e-02,1.827036585686368092e-02,-3.426336617634149345e-02,-9.102360573901646656e-02,-1.406340417969675349e-01,-1.733006331771481112e-01,-1.826600890307440161e-01,-1.666037262514334372e-01,-1.271194936827118316e-01,-6.940252207315206201e-02,-5.747744458260805982e-04,7.165697030470992435e-02,1.401533123995816477e-01,1.991585604765169770e-01,2.447367531831651233e-01,2.748611172150415283e-01,2.892378939517105674e-01,2.889632395055476977e-01,2.761071831874085669e-01,2.533001812510654593e-01,2.233737401724214255e-01,1.890830363836701611e-01,1.529202194646186175e-01,1.170139327159768483e-01,8.310402519672699384e-02,5.258075568234235608e-02,2.658660380253627734e-02,6.200518389714782495e-03,-7.245011757195609151e-03,-1.179662862417084866e-02,-6.317874253751205177e-03
8.489295767251764380e-01,5.559957342036877526e-01,-1.193510901402569518e-01,-7.093265610349623884e-01,-8.084923232211388422e-01,-3.539669515389268217e-01,3.360782975914851645e-01,7.881013218204568904e-01,7.005995298105389679e-01,1.446943548186382933e-01,-4.953974922214872678e-01,-7.915022503994446623e-01,-5.590161618639314378e-01,3.126060830999451839e-02,5.821465933681611027e-01,7.405137483831940592e-01,4.228351543142500057e-01,-1.475527765843212546e-01,-6.014839308911394955e-01,-6.650491711069286271e-01,-3.221476729977825193e-01,1.956425451253989145e-01,5.691966564001138540e-01,5.895729720285077802e-01,2.707348953165842342e-01,-1.799716902554238107e-01,-4.996897682918804984e-01,-5.236380131910288727e-01,-2.653231500826856992e-01,1.115558291867999874e-01,3.989002754956752494e-01,4.591507972586638675e-01,2.868500263462731015e-01,-6.927566535409789006e-03,-2.666085430150689217e-01,-3.746090117303984557e-01,-3.014991767210752349e-01,-1.053124704808770101e-01,1.100302291995352566e-01,2.496171891488994099e-01,2.677075515551277096e-01,1.780072821817003104e-01,3.590748768476460795e-02,-9.331303639141771966e-02,-1.634001230660885040e-01,-1.615303106013661616e-01,-1.056293259033054543e-01,-2.986198063128057273e-02,3.286195819844622834e-02,6.355617725836332221e-02,6.114735564767535131e-02,3.838150238740849207e-02,1.325772468723008211e-02,3.960642987490486737e-04,5.644952028576553406e-03,2.519427578856219679e-02,4.850738594551422950e-02,6.320239162927852872e-02,5.979642735373706663e-02,3.477169689128487007e-02,-8.674270420917206889e-03,-6.196764173850749513e-02,-1.137962665847461058e-01,-1.530764098457423616e-01,-1.714212639341524402e-01,-1.646131902646212897e-01,-1.329496310322838548e-01,-8.063004503279951052e-02,-1.452367725707680822e-02,5.729804238990227061e-02,1.269349201413889905e-01,1.877161351459629146e-01,2.348429310537857861e-01,2.656191214005313994e-01,2.793430483696898170e-01,2.769691276972750527e-01,2.606514003531247292e-01,2.332653275555074124e-01,1.979775935987474755e-01,1.579053190424529740e-01,1.158815335114240092e-01,7.432611134510466733e-02,3.521190762306699445e-02,1.152764090105270383e-04,-2.964928589029748943e-02,-5.278173779938474808e-02,-6.754452241862880790e-02,-7.092680004547820272e-02,-5.765499506139439012e-02,-2.466269541235899254e-02
8.489295767251764380e-01,5.531540308204307976e-01,-1.267728300480689685e-01,-7.153714635440161507e-01,-8.042762941480703365e-01,-3.371284421295349110e-01,3.561791862818008969e-01,7.954820063811210984e-01,6.853009214369146784e-01,1.129304491420689283e-01,-5.228731858090774898e-01,-7.932824032813126092e-01,-5.295611971776635896e-01,7.522134997825750957e-02,6.113195876194645884e-01,7.329628245159436339e-01,3.801958796120385453e-01,-1.994854711316298990e-01,-6.289413799678155170e-01,-6.485951221345062079e-01,-2.700506693121341173e-01,2.520220368178613390e-01,5.950001446263987193e-01,5.682477073401447365e-01,2.141921623139864672e-01,-2.388372288048078995e-01,-5.268911032137688633e-01,-5.038927073234612530e-01,-2.101101033414763120e-01,1.715788701651554393e-01,4.316837891569871299e-01,4.485332883225702227e-01,2.399664869921898369e-01,-6.508836063589622245e-02,-3.072728439704309755e-01,-3.797051527201153465e-01,-2.712400749774532827e-01,-5.606604166108990206e-02,1.551785304130634813e-01,2.720564066507940026e-01,2.607950468472551298e-01,1.480925957441374952e-01,-2.420224171588087822e-03,-1.246032635932652066e-01,-1.776673664041386325e-01,-1.570708298290787175e-01,-8.789803453305147785e-02,-7.735948327500232098e-03,5.131736649167410735e-02,7.398365999302629337e-02,6.359406716611418209e-02,3.602458880847648343e-02,1.012623821062588053e-02,-7.645500443022219556e-04,6.760534616387638314e-03,2.655323217257694879e-02,4.684541554639404248e-02,5.556096386163535128e-02,4.487021383349681924e-02,1.362158932318616525e-02,-3.270318100695365077e-02,-8.401025395801885176e-02,-1.286205599405045863e-01,-1.562756041265991325e-01,-1.603473822749969802e-01,-1.388729239981419394e-01,-9.441959718637985000e-02,-3.306301592366295977e-02,3.711194320938214497e-02,1.075808272282608724e-01,1.707078338066736201e-01,2.206535120010551521e-01,2.538125519615150316e-01,2.688317196155726729e-01,2.663166327129382061e-01,2.483559940761566887e-01,2.179825734561729178e-01,1.786636488121468302e-01,1.338807858240625703e-01,8.682792769432902402e-02,4.023270008757060673e-02,-3.709191180057191083e-03,-4.330192322520046155e-02,-7.723013480318151325e-02,-1.043428445952950395e-01,-1.232856297163744397e-01,-1.318282684210484168e-01,-1.256003629822411982e-01,-9.658727001831055037e-02,-4.012991737751588767e-02
8.489295767251764380e-01,5.504708429085817256e-01,-1.337464056568467563e-01,-7.209457454456553727e-01,-8.000837755359849757e-01,-3.211368243858168658e-01,3.748695794647792789e-01,8.017463540795246590e-01,6.701370512589250872e-01,8.287323271346030973e-02,-5.478285449860454959e-01,-7.932929749444301848e-01,-5.005060254596385150e-01,1.164024408092782792e-01,6.367355738317649338e-01,7.230187443641182821e-01,3.383527905027305382e-01,-2.474480653082962722e-01,-6.513641225200036411e-01,-6.291187743417355760e-01,-2.190944213854644218e-01,3.033474775614118935e-01,6.145417398441603840e-01,5.431202742492521329e-01,1.587570819968827374e-01,-2.919897256551590159e-01,-5.467694176159194619e-01,-4.792488691514734112e-01,-1.552234280417449652e-01,2.260584714253887351e-01,4.565172389690916321e-01,4.316368004141681314e-01,1.916556926303758512e-01,-1.191437192481061697e-01,-3.403535613975859908e-01,-3.773780629639268414e-01,-2.370979220377930075e-01,-8.037716357168713313e-03,1.948203713006183835e-01,2.872923132464637597e-01,2.480301160742392763e-01,1.158318277308499344e-01,-3.909433258160061042e-02,-1.513561070173088385e-01,-1.865266191293923626e-01,-1.482940334630466206e-01,-6.810676807343095385e-02,1.408940996131202369e-02,6.785361163209238655e-02,8.195051320923990579e-02,6.392205525149344258e-02,3.225832173331204256e-02,6.122827550370204229e-03,-2.744105813683807987e-03,6.650276655822223021e-03,2.613310474292850072e-02,4.314693799822540143e-02,4.629821909932356483e-02,2.956974640428658430e-02,-5.945823183112443865e-03,-5.285264744845052931e-02,-1.000490369524696666e-01,-1.360058953459471198e-01,-1.516854789973952067e-01,-1.424089059864130091e-01,-1.084251610625442952e-01,-5.432078327599151879e-02,1.234842654714482166e-02,8.274266966298461645e-02,1.483311240551505317e-01,2.021122126742797287e-01,2.393317869050324564e-01,2.577018550702312449e-01,2.572131175474168252e-01,2.396787348916486760e-01,2.081513420025592753e-01,1.663331067562603127e-01,1.180632301367637166e-01,6.692994267030681621e-02,1.602229115890487984e-02,-3.218530199821579424e-02,-7.583440851649934922e-02,-1.135896683659317341e-01,-1.444609784884066661e-01,-1.675233791405512929e-01,-1.814583307961703806e-01,-1.837160125002424427e-01,-1.689276474986497467e-01,-1.270126837374394857e-01,-5.211225985532501326e-02
8.489295767251764380e-01,5.479488452730388870e-01,-1.402709136572304893e-01,-7.260680154509193684e-01,-7.959592422817262092e-01,-3.060308559166717290e-01,3.921750253903703021e-01,8.070146724821406492e-01,6.552705022737471685e-01,5.459983469174987253e-02,-5.703860599744133841e-01,-7.918437702966725222e-01,-4.721702371969559442e-01,1.547236363742830745e-01,6.586921742566658189e-01,7.112439659697448180e-01,2.977924749281409267e-01,-2.913943743715216583e-01,-6.692734325253519856e-01,-6.074645737726815931e-01,-1.699401444779944093e-01,3.496032444716918874e-01,6.285563979422655878e-01,5.153145010736428500e-01,1.052975726991949024e-01,-3.393675771071421599e-01,-5.601827430381588480e-01,-4.510662017305752669e-01,-1.017935688690414370e-01,2.747313068115932455e-01,4.741907058221896398e-01,4.099319070956527478e-01,1.433345106754330134e-01,-1.684400438199631367e-01,-3.662850283070365753e-01,-3.689413407412601709e-01,-2.006484665725055128e-01,3.764558573655611001e-02,2.287486502961650348e-01,2.960768510762880612e-01,2.307552147808294707e-01,8.258369706402175769e-02,-7.325473428167214585e-02,-1.734638535421911820e-01,-1.905546362722860820e-01,-1.361543434722972123e-01,-4.720744370285243768e-02,3.495527186867302544e-02,8.221358305802344002e-02,8.753104857478140322e-02,6.236611836668198156e-02,2.731191426593598814e-02,1.392389738587865517e-03,-5.445588853066144104e-03,5.484209689627982630e-03,2.431329886982020599e-02,3.807735270269907435e-02,3.633105156209442271e-02,1.490768554786822686e-02,-2.306682738281549960e-02,-6.867983451952951179e-02,-1.102901652965584539e-01,-1.369318282550915644e-01,-1.410451859756504112e-01,-1.199496603721235122e-01,-7.594811256099331942e-02,-1.532585052834423145e-02,5.329269510627446943e-02,1.207378984198459460e-01,1.788437479995127755e-01,2.215134049001471206e-01,2.452256598590479564e-01,2.490351466154709370e-01,2.341973254266314919e-01,2.035773896162406116e-01,1.609917047314501082e-01,1.105966310847950329e-01,5.639721235786788328e-02,1.908206288532372872e-03,-5.003118222142218657e-02,-9.730707607785898938e-02,-1.384713355739157492e-01,-1.725956896585972011e-01,-1.990479457988237055e-01,-2.171663554701786791e-01,-2.257402294047355096e-01,-2.220629383286996661e-01,-2.001285180438611422e-01,-1.484787899717974202e-01,-6.045537705163164799e-02
8.489295767251764380e-01,5.455905408845255211e-01,-1.463456547552875187e-01,-7.307560848556237110e-01,-7.919443133411422364e-01,-2.918450879340245274e-01,4.081230885104782935e-01,8.114022991433862408e-01,6.408502584788476897e-01,2.817097390489147618e-02,-5.906746922139992639e-01,-7.892292462912043893e-01,-4.448366815274633068e-01,1.901440573702816716e-01,6.774992772912760142e-01,6.981653506141791699e-01,2.589263982091625782e-01,-3.313516965991145091e-01,-6.832092457813019326e-01,-5.844115608276673202e-01,-1.231217668861452896e-01,3.908926094717836697e-01,6.378092994189612508e-01,4.858577022219251473e-01,5.449499878882903270e-02,-3.810861682077972268e-01,-5.680479659997880182e-01,-4.205933417009926067e-01,-5.071221598729079572e-02,3.175804432694588342e-01,4.856133675188851195e-01,3.848058225573250946e-01,9.616251867143814358e-02,-2.126345178519512547e-01,-3.857143649450570644e-01,-3.557174507107671579e-01,-1.632639198624168675e-01,8.018213757062547797e-02,2.570594264340604895e-01,2.993148319170581551e-01,2.102584989981883534e-01,4.947857002232717433e-02,-1.043437189695985146e-01,-1.910775485825974562e-01,-1.904579568988066796e-01,-1.215827882002100402e-01,-2.601088229947952704e-02,5.439242147598261079e-02,9.431036494519977331e-02,9.091104447711839676e-02,5.921233172932542643e-02,2.143238472623578902e-02,-3.902149520354309276e-03,-8.734708882096528515e-03,3.480753100684919662e-03,2.149861886504547334e-02,3.225779627117403292e-02,2.642279843821468410e-02,1.619486759946955033e-03,-3.725708364907279191e-02,-8.016638842031281742e-02,-1.153272616352756658e-01,-1.326383882513365864e-01,-1.261488003271880876e-01,-9.511194188674904071e-02,-4.364886444814835426e-02,2.060622034928080368e-02,8.835198401979373062e-02,1.504531500306570402e-01,1.993918091642003232e-01,2.301477347623237246e-01,2.404858981301813692e-01,2.307502183024467413e-01,2.033258087486137788e-01,1.619436104275653876e-01,1.109765802117892303e-01,5.483303666388834874e-02,-2.494641618385612814e-03,-5.770874576990316085e-02,-1.083244190169117133e-01,-1.526554651873681667e-01,-1.896999519244519372e-01,-2.189509666173787839e-01,-2.401396899511375749e-01,-2.528820389413791170e-01,-2.561268396027529537e-01,-2.471515548947709473e-01,-2.196432758776934446e-01,-1.614056214238382136e-01,-6.535238396224708757e-02
8.489295767251764380e-01,5.433982604932953153e-01,-1.519701053845927963e-01,-7.350268827067479860e-01,-7.880777257467806995e-01,-2.786101700389325142e-01,4.227425993871474774e-01,8.150188745541857571e-01,6.270120212582745989e-01,3.633069378714845563e-03,-6.088266281825298609e-01,-7.857265136844977516e-01,-4.187534797028364952e-01,2.226555128423300667e-01,6.934708884712826871e-01,6.842705719844281997e-01,2.220968076675709779e-01,-3.674060834772692741e-01,-6.937143784393225987e-01,-5.606677460185309769e-01,-7.905772053212099804e-02,4.274116257461170187e-01,6.430692716006648491e-01,4.556711408852892053e-01,6.861765916832318971e-03,-4.173985219754451359e-01,-5.712997670999884203e-01,-3.889494959382273631e-01,-2.651084967886909675e-03,3.547847453383572436e-01,4.917551511099310657e-01,3.575271145953285434e-01,5.105080002544715861e-02,-2.516428919009923715e-01,-3.994287774980046501e-01,-3.389786342227749105e-01,-1.260959046912820680e-01,1.190614277718753111e-01,2.800812509921187798e-01,2.979868539070859579e-01,1.877221851820937704e-01,1.741170379534567186e-02,-1.320680188467265037e-01,-2.045419930438617251e-01,-1.870065902701526783e-01,-1.054416879484678521e-01,-5.173085148097810067e-03,7.210644190035168932e-02,1.041963695987245531e-01,9.235516413517547152e-02,5.477300585613237294e-02,1.486786834007193005e-02,-9.594535691322594179e-03,-1.246138092882740321e-02,8.730945113153346223e-04,1.807581844169190918e-02,2.622279800085782972e-02,1.715893380665437992e-02,-9.825118134811301751e-03,-4.835170254987881250e-02,-8.760724514383898265e-02,-1.159881352661480819e-01,-1.244511351895773860e-01,-1.086767875297544872e-01,-6.970507522489793883e-02,-1.319681434929514258e-02,5.221158116115345860e-02,1.168889735493155030e-01,1.720240450879814698e-01,2.109408135883473479e-01,2.297781424215387391e-01,2.275633553323791192e-01,2.058196383803936880e-01,1.678938996946185702e-01,1.181872656916993641e-01,6.143296779078482456e-02,2.114909314813194930e-03,-5.593040527325397054e-02,-1.097263965897403992e-01,-1.572076648907818619e-01,-1.971465849814779958e-01,-2.289919993833767486e-01,-2.526466562672687877e-01,-2.681892913246693433e-01,-2.755093620708752855e-01,-2.737471595271441793e-01,-2.602769846396590925e-01,-2.287587880450630273e-01,-1.668081867718391453e-01,-6.723082903059679483e-02
8.489295767251764380e-01,5.413741623216088428e-01,-1.571438909077204071e-01,-7.388963775617839458e-01,-7.843953180091594035e-01,-2.663531488118535129e-01,4.360629559139250211e-01,8.179677177231756691e-01,6.138786160215679022e-01,-1.897970602356992623e-02,-6.249743476100531048e-01,-7.815938369447569256e-01,-3.941363797596901808e-01,2.522760974228926978e-01,7.069180665904525318e-01,6.700059941578270228e-01,1.875834658594335846e-01,-3.996884522912402260e-01,-7.013214175148815288e-01,-5.368677532184973344e-01,-3.806438721326179525e-02,4.594248028935291606e-01,6.450873958536635921e-01,4.255665940290060401e-01,-3.723790503113715705e-02,-4.486585975527732084e-01,-5.708578337793401847e-01,-3.571161392981349603e-01,4.191318089941954705e-02,3.866704894517400959e-01,4.935991398419279919e-01,3.292250704819363327e-01,8.681881306683457075e-03,-2.855859649420980917e-01,-4.082931346487270186e-01,-3.199056440507253574e-01,-9.007576815136925097e-02,1.540213911375370170e-01,2.983085809177513648e-01,2.930876860236292791e-01,1.641913228474751185e-01,-1.294645483326702096e-02,-1.563536072597936644e-01,-2.143353210815359122e-01,-1.809813658529462188e-01,-8.849631680323456762e-02,1.480418390964744618e-02,8.795500284744164898e-02,1.120313709047339734e-01,9.217775754066433180e-02,4.936622150023512595e-02,7.854389091426952629e-03,-1.552764483072197055e-02,-1.647808819460726271e-02,-2.117281537337257092e-03,1.438379719371033622e-02,2.039828382631625123e-02,8.946962715342477238e-03,-1.918820244255613205e-02,-5.643175086326735618e-02,-9.150148429380232373e-02,-1.132037199791024046e-01,-1.136495326993940541e-01,-9.008875250222456166e-02,-4.514630161105762096e-02,1.426909228414129961e-02,7.883839369084773285e-02,1.388883413380250231e-01,1.861426570977617601e-01,2.148779372147463507e-01,2.223995961530359222e-01,2.089158052126123544e-01,1.769834650103342955e-01,1.307306859204945548e-01,7.504069693129013230e-02,1.483374855323831530e-02,-4.547387931711420472e-02,-1.023068319936848158e-01,-1.530755478240852785e-01,-1.961640517039045795e-01,-2.308040863675963339e-01,-2.568755331148793730e-01,-2.746601962816554998e-01,-2.845535698316448148e-01,-2.867007397117348755e-01,-2.804480059010777682e-01,-2.633492131665134961e-01,-2.292571101750952023e-01,-1.660392935956576665e-01,-6.664880556251440158e-02
8.489295767251764380e-01,5.395202318242079409e-01,-1.618667604115356928e-01,-7.423795057365313310e-01,-7.809300213589854822e-01,-2.550977567457037853e-01,4.481134772519294596e-01,8.203452950256101550e-01,6.015604643608145619e-01,-3.964345559659205459e-02,-6.392480008432759320e-01,-7.770695636682793950e-01,-3.711713329453474874e-01,2.790441527515862274e-01,7.181428921886271466e-01,6.557757678233805398e-01,1.556108585217759466e-01,-4.283617548375496797e-01,-7.065421011071786328e-01,-5.135730965205241860e-01,-3.703954871827252397e-04,4.872430144853287515e-01,6.445804122039496820e-01,3.962477665162413842e-01,-7.756557718052482786e-02,-4.752881410660136363e-01,-5.676018203894039882e-01,-3.259367608739001665e-01,8.267061499368075217e-02,4.136669962817524637e-01,4.921044923110658442e-01,3.008811657935204220e-01,-3.046304196376629220e-02,-3.147380603084379280e-01,-4.131987790945800265e-01,-2.995621602202224731e-01,-5.592774448357428624e-02,1.850018041191268392e-01,3.123424538115135984e-01,2.855800556255063682e-01,1.405596282638132410e-01,-4.112819448678938644e-02,-1.772983551085370035e-01,-2.210162115222719104e-01,-1.731350394784094970e-01,-7.140100307735164353e-02,3.356243110272107838e-02,1.019210591928083331e-01,1.180521045766760452e-01,9.071833183473096418e-02,4.330034905594057348e-02,6.064321484838908292e-04,-2.156287554742450027e-02,-2.065392223630254168e-02,-5.299184649478867574e-03,1.069640294048021523e-02,1.509590025500871444e-02,2.032938432326436996e-03,-2.641791967217091419e-02,-6.174923688604757460e-02,-9.245617959213427162e-02,-1.079061861080763962e-01,-1.013790404108030896e-01,-7.156957411698137983e-02,-2.245735477897238541e-02,3.808374166711853831e-02,1.003290487282053611e-01,1.547852754398349184e-01,1.938470143311346039e-01,2.127821451488906557e-01,2.100116442411799067e-01,1.868042472393911246e-01,1.465879067587316231e-01,9.409436612513676079e-02,3.452006227774129243e-02,-2.717082822667607825e-02,-8.673706345800455408e-02,-1.409329933856550421e-01,-1.875879104900089744e-01,-2.255361562539612008e-01,-2.544465888248679808e-01,-2.745933094102037120e-01,-2.865944488779710309e-01,-2.911223880168756772e-01,-2.885508553965170919e-01,-2.784325337857300187e-01,-2.585547859004198035e-01,-2.231216991355706447e-01,-1.605771310999609403e-01,-6.420977097054024474e-02
8.489295767251764380e-01,5.378382815066019562e-01,-1.661385631920867523e-01,-7.454901059248399964e-01,-7.777118573588437389e-01,-2.448646883900384430e-01,4.589228113042983503e-01,8.222407728371764479e-01,5.901560987908949230e-01,-5.834269458529600660e-02,-6.517730849295360063e-01,-7.723714153606746624e-01,-3.500171854581350939e-01,3.030126585087846158e-01,7.274333942570846423e-01,6.419419012270821678e-01,1.263555755030526528e-01,-4.536093335525194781e-01,-7.098589463994068316e-01,-4.912744854840291331e-01,3.386889270967009119e-02,5.112038761846231516e-01,6.422183956859423004e-01,3.683153644040986219e-01,-1.139858192468748421e-01,-4.977475709986121100e-01,-5.623532332759935137e-01,-2.961227136782190184e-01,1.194481693657358096e-01,4.362673503084930071e-01,4.881790362014116202e-01,2.733300173714772741e-01,-6.607283548262794792e-02,-3.394797130971218269e-01,-4.150234720036488079e-01,-2.788822555916093959e-01,-2.419085447813849529e-02,2.120976090763989352e-01,3.228401001123486491e-01,2.763626101728245410e-01,1.175687172113132201e-01,-6.683927957540435061e-02,-1.951262478599807004e-01,-2.251802175337741796e-01,-1.641660911356265518e-01,-5.469673341403299277e-02,5.086863140930591998e-02,1.140849229241502477e-01,1.225451552185824050e-01,8.832223176542330911e-02,3.686349086865717967e-02,-6.688698259388244256e-03,-2.758615479149588434e-02,-2.488395098670663844e-02,-8.522863041061909395e-03,7.215646562836357421e-03,1.051903544294094731e-02,-3.472408305732257398e-03,-3.159943377320711955e-02,-6.465875264517391419e-02,-9.110896593246645137e-02,-1.009573819564944103e-01,-8.860198925302988082e-02,-5.401734365629834445e-02,-2.299094840516025494e-03,5.797182982892759573e-02,1.168915270525972688e-01,1.653036200801186739e-01,1.963422093549836156e-01,2.062468206501197054e-01,1.944610363415019694e-01,1.631717913867024028e-01,1.165130182585008833e-01,5.965675883579768524e-02,-2.030036126391659979e-03,-6.364939485535744956e-02,-1.212076360004034070e-01,-1.718244239897747661e-01,-2.137513907135025204e-01,-2.462517218196594027e-01,-2.693930358292833116e-01,-2.837963552422014257e-01,-2.903671739804160601e-01,-2.900108279552136570e-01,-2.832977894126602059e-01,-2.699768470445184643e-01,-2.480974614868641792e-01,-2.123162012120873299e-01,-1.518674232128093826e-01,-6.049975867951953856e-02
8.489295767251764380e-01,5.363299507916124975e-01,-1.699592270164242969e-01,-7.482408600662058262e-01,-7.747679404954872506e-01,-2.356718608945773674e-01,4.685183960768406486e-01,8.237356445645510616e-01,5.797526990449104467e-01,-7.506860982125672377e-02,-6.626684041410099146e-01,-7.676960735195603736e-01,-3.308083920617149176e-01,3.242440973480392175e-01,7.350593465421941808e-01,6.288250754306032864e-01,9.995361324344062548e-02,-4.756245283447425587e-01,-7.117188467537144403e-01,-4.703955990077878790e-01,6.455723006704033873e-02,5.316546669596862174e-01,6.386160986351826496e-01,3.422747411736650203e-01,-1.464440110319528421e-01,-5.165110419352932913e-01,-5.558632443980643378e-01,-2.682633813687446689e-01,1.521802366986277633e-01,4.549946730448696797e-01,4.826603200179437336e-01,2.472673214644754702e-01,-9.797370256813492384e-02,-3.602558596509782829e-01,-4.146016213899956226e-01,-2.586681260731352738e-01,4.753980403621255006e-03,2.355148013556906672e-01,3.304739817197063778e-01,2.662501105102744736e-01,9.581716101016798937e-02,-8.992623446363520734e-02,-2.101455759788753430e-01,-2.274254875689083744e-01,-1.547034474596899745e-01,-3.881731506514940477e-02,6.659357032378236674e-02,1.245973143259521548e-01,1.258240389354183253e-01,8.532650084901977072e-02,3.031744722815726129e-02,-1.387302080106504396e-02,-3.351063962857844802e-02,-2.909418230700049068e-02,-1.168484760380894723e-02,4.072654855956987785e-03,6.776099765965067252e-03,-7.563703763244182879e-03,-3.490851005769932125e-02,-6.556042747904544665e-02,-8.807095107662812894e-02,-9.310486852008570402e-02,-7.607950482802282310e-02,-3.806064958689891337e-02,1.497178344959809379e-02,7.395400861728228248e-02,1.289766838833033835e-01,1.713172098247848496e-01,1.948612947305991827e-01,1.967561157488840473e-01,1.773477963055315743e-01,1.395905818314127633e-01,8.816758605622046496e-02,2.854900333317531361e-02,-3.384114145540316476e-02,-9.424872191576068314e-02,-1.489685205306398308e-01,-1.954933698888826621e-01,-2.324785998078016669e-01,-2.595789003189777899e-01,-2.772123842305092567e-01,-2.862947348144646020e-01,-2.879682968527084719e-01,-2.833272629564349554e-01,-2.731053897058458024e-01,-2.572299887664803442e-01,-2.340201730047461737e-01,-1.986360813026570860e-01,-1.412194142646721051e-01,-5.604646064713282583e-02
8.489295767251764380e-01,5.349967059252829227e-01,-1.733287382403959631e-01,-7.506432403336807946e-01,-7.721224844565302003e-01,-2.275346564481738332e-01,4.769259748948179167e-01,8.249034229670353380e-01,5.704266308632451876e-01,-8.981745762583623338e-02,-6.720442980434475633e-01,-7.632189982998655031e-01,-3.136576707147736287e-01,3.428058205011630388e-01,7.412688364502247884e-01,6.167059908166547810e-01,7.650739403630744950e-02,-4.946015436454491709e-01,-7.125283417050254364e-01,-4.512978238755711025e-01,9.164406729239175931e-02,5.489377390768571674e-01,6.343273202032736480e-01,3.185451575675196101e-01,-1.749454358340197524e-01,-5.320455745924042024e-01,-5.488053609910482633e-01,-2.428390877849914420e-01,1.808806473670505066e-01,4.703739525577973479e-01,4.763037054863753506e-01,2.232625188651869430e-01,-1.260969631042473671e-01,-3.775400737327306300e-01,-4.127034717033031819e-01,-2.395953853185139870e-01,3.065446143024935094e-02,2.555305250227701275e-01,3.358998772827834212e-01,2.559635632733175958e-01,7.577613098988242313e-02,-1.103430005591970187e-01,-2.227124192028994698e-01,-2.283272883547256826e-01,-1.453000243872560604e-01,-2.410139430046220888e-02,8.068865223554283483e-02,1.336547209819330950e-01,1.282107427573787872e-01,8.205048812466364527e-02,2.389559066353202227e-02,-2.081698054550822422e-02,-3.927646624734592445e-02,-3.324276288735988905e-02,-1.472796149436072545e-02,1.333702684412021609e-03,3.897284752261716886e-03,-1.031141255025417973e-02,-3.657146776547018363e-02,-6.485602175158888816e-02,-8.388877975511560559e-02,-8.496065777783430584e-02,-6.437591115995855429e-02,-2.409374135869006561e-02,2.923690172941223464e-02,8.625574703626960604e-02,1.371716515119680846e-01,1.737404614582498119e-01,1.905665824194024693e-01,1.856094691147562592e-01,1.599829604675482297e-01,1.172592995075858874e-01,6.252912797189551231e-02,1.443155385839317529e-03,-6.060170663667416302e-02,-1.190430410980669595e-01,-1.704779954963810962e-01,-2.127583490608983829e-01,-2.449083564693953496e-01,-2.669267310877265764e-01,-2.795289748751819126e-01,-2.838724423068432756e-01,-2.812876633813285454e-01,-2.730161596042365857e-01,-2.599224146355058607e-01,-2.420902609970583819e-01,-2.180996247914658570e-01,-1.836241456528760752e-01,-1.297484768456277360e-01,-5.129710883949704925e-02
8.489295767251764380e-01,5.338398399140102946e-01,-1.762471238532821727e-01,-7.527074621149906219e-01,-7.697968108967734313e-01,-2.204661444038990559e-01,4.841691651605197766e-01,8.258093891105313666e-01,5.622439702016377439e-01,-1.025891112786824766e-01,-6.800011187153707226e-01,-7.590944213715883349e-01,-2.986585292235591771e-01,3.587659268788790934e-01,7.462855064175333286e-01,6.058270518432040674e-01,5.609233915500957263e-02,-5.107275449199230044e-01,-7.126502618123903288e-01,-4.342855149133003079e-01,1.151121653506782250e-01,5.633782716536800406e-01,6.298416681583475230e-01,2.974698319090252618e-01,-1.995361413868800560e-01,-5.447939596493750480e-01,-5.417718778070101937e-01,-2.202354102666362612e-01,2.056169505309582979e-01,4.829090990296687758e-01,4.697760210233484224e-01,2.017742340766460196e-01,-1.504487214617354907e-01,-3.918048310074095375e-01,-4.100216821235921349e-01,-2.222234619406051603e-01,5.335726186056743287e-02,2.724582158402608090e-01,3.397330532089801736e-01,2.461279217463945013e-01,5.780887323186303245e-02,-1.281189567047125999e-01,-2.331998846612438336e-01,-2.284201873503208524e-01,-1.364329162643039273e-01,-1.080801277379957528e-02,9.316285706976734637e-02,1.414777405360499174e-01,1.300215004336983116e-01,7.879050395211845137e-02,1.780391903694154149e-02,-2.741606457035078437e-02,-4.484803802566570546e-02,-3.731820969136411675e-02,-1.763798135108815557e-02,-9.910005191971240062e-04,1.851889850491796356e-03,-1.183559034031683548e-02,-3.683329052571168022e-02,-6.291797573084359496e-02,-7.902300742317643067e-02,-7.699698118272450820e-02,-5.387754702070162577e-02,-1.232011623729908391e-02,4.055064167906438644e-02,9.522674808861353313e-02,1.421141425496177113e-01,1.734488203888619462e-01,1.844871240079234975e-01,1.738851736499763267e-01,1.433844297673521617e-01,9.703415912422708178e-02,4.020959185204422970e-02,-2.135071666325528278e-02,-8.233406021879718928e-02,-1.383918665093130940e-01,-1.864156923172907154e-01,-2.245854768733513973e-01,-2.522487825387145222e-01,-2.696953854768366909e-01,-2.778840554133210072e-01,-2.781630440845800356e-01,-2.720064282049253768e-01,-2.607657770414672505e-01,-2.454062564891116849e-01,-2.261440913348196913e-01,-2.017991582557036034e-01,-1.685364801828830028e-01,-1.183550730772281456e-01,-4.661091048743734588e-02
8.489295767251764380e-01,5.328604724854881791e-01,-1.787144355121698946e-01,-7.544424428637633850e-01,-7.678093596084173411e-01,-2.144772811613558372e-01,4.902690801372293627e-01,8.265103898841739127e-01,5.552609977610211134e-01,-1.133857667158338495e-01,-6.866279382232941542e-01,-7.554554596504862163e-01,-2.858876058747514270e-01,3.721896579188854748e-01,7.503063688871373094e-01,5.963942186107884513e-01,3.876286928305960194e-02,-5.241759260130489650e-01,-7.124014608266771020e-01,-4.196113955812380003e-01,1.349664406634294156e-01,5.752741637345591963e-01,6.255831090696395425e-01,2.793260927562462026e-01,-2.202858705572324494e-01,-5.551610289589096192e-01,-5.352730914993020228e-01,-2.007577930312087200e-01,2.264874727628839735e-01,4.930646795190607445e-01,4.636533354003327112e-01,1.831668613740197460e-01,-1.710823295577433290e-01,-4.034973911459748819e-01,-4.071636434672429861e-01,-2.070089577995830876e-01,7.277978849547164786e-02,2.866180149528749221e-01,3.425312208255962831e-01,2.372750914729053195e-01,4.219177570707373370e-02,-1.433295737109425982e-01,-2.419729310572169556e-01,-2.281864509382284523e-01,-1.285081666585032034e-01,8.661811939206647297e-04,1.040609558044881394e-01,1.482925731532778180e-01,1.315562531469568197e-01,7.581768262711575945e-02,1.222452132010973767e-02,-3.358549797232097955e-02,-5.020937771302316777e-02,-4.133546331750808517e-02,-2.043825613482173550e-02,-2.937596885269013695e-03,5.642040915737267992e-04,-1.228448110247516711e-02,-3.593428259532455149e-02,-6.006998403490911020e-02,-7.383923508524588286e-02,-6.955358557778330841e-02,-4.481918660405073696e-02,-2.797448290127152026e-03,4.908100384451646175e-02,1.012748791324052100e-01,1.444284746084478765e-01,1.712261604993461084e-01,1.774856292633873178e-01,1.624327525493770852e-01,1.282979295819632604e-01,7.947863850742920011e-02,2.153138322600443161e-02,-3.978676046733351651e-02,-9.928080479063049191e-02,-1.528170890469228993e-01,-1.975568545450848701e-01,-2.319657711265041278e-01,-2.556625828978457693e-01,-2.691731977548587618e-01,-2.736471259947325096e-01,-2.705767385596516972e-01,-2.615401817267342666e-01,-2.479668196293084992e-01,-2.308958362227475358e-01,-2.106512643268153573e-01,-1.862638400217372647e-01,-1.543442545186866355e-01,-1.077292282243362959e-01,-4.226161179086826425e-02
8.489295767251764380e-01,5.320595500668682254e-01,-1.807307356211005911e-01,-7.558557667050067597e-01,-7.661756991249083493e-01,-2.095770861436015153e-01,4.952440031249892294e-01,8.270546767204094429e-01,5.495246506878711523e-01,-1.222108129548844097e-01,-6.920014678345864922e-01,-7.524143021919383889e-01,-2.754067759266856652e-01,3.831363029853085966e-01,7.535001009567076080e-01,5.885788759108757651e-01,2.455773627376582613e-02,-5.351006719056589089e-01,-7.120513675450093061e-01,-4.074817777269923447e-01,1.512241762978084880e-01,5.848878317753580802e-01,6.219097531339012885e-01,2.643350721348041166e-01,-2.372732240392859959e-01,-5.635028300504567600e-01,-5.297383458465425576e-01,-1.846455762976896287e-01,2.436014053526830148e-01,5.012516671052069661e-01,4.584215177633438887e-01,1.677269854816892947e-01,-1.880741716180870104e-01,-4.130206443403250383e-01,-4.046479301061786105e-01,-1.943201743528177317e-01,8.888443524969330545e-02,2.983122456911733722e-01,3.447828335489534490e-01,2.298501954599230790e-01,2.913528840404473047e-02,-1.560704023450207589e-01,-2.493681957928698401e-01,-2.280491050523942298e-01,-1.218682667390122570e-01,1.076952746307876033e-02,1.134436286124541476e-01,1.543154614313051731e-01,1.330910394194276536e-01,7.337814895702451934e-02,7.320704683505744118e-03,-3.925355732728038477e-02,-5.535802489171800372e-02,-4.533043412643913972e-02,-2.318329748246693647e-02,-4.579219149413810142e-03,-7.326244466842320808e-05,-1.181856451596844867e-02,-3.409473760540532999e-02,-5.657706003840384107e-02,-6.860843070395146459e-02,-6.285179725290769570e-02,-3.731282608907236786e-02,4.520927827950234519e-03,5.506024088744995021e-02,1.048157071102273491e-01,1.446815868456965970e-01,1.677344091913315349e-01,1.702473117432435901e-01,1.518844126683012719e-01,1.152319444108129420e-01,6.492036248890574457e-02,6.602676138750771320e-03,-5.399451213463234839e-02,-1.118081047204450978e-01,-1.629041054132040478e-01,-2.046766097857121158e-01,-2.358270719550972228e-01,-2.561901026140524507e-01,-2.664732510807097388e-01,-2.679673742001926207e-01,-2.622669875927539640e-01,-2.510202880398827441e-01,-2.357072904596218266e-01,-2.174181825872183726e-01,-1.965608587872359758e-01,-1.723426760081590570e-01,-1.417579819197168634e-01,-9.837066471375018051e-02,-3.844620149126838637e-02
8.489295767251764380e-01,5.314378457743629269e-01,-1.822960855023459947e-01,-7.569536546890953677e-01,-7.649085369091553899e-01,-2.057727924585563140e-01,4.991091133442241423e-01,8.274817789720978478e-01,5.450729201942028368e-01,-1.290678720115964184e-01,-6.961851715825772002e-01,-7.500624285233717936e-01,-2.672649846909916915e-01,3.916566054886621573e-01,7.560057326416603773e-01,5.825195923814558974e-01,1.350461516146833282e-02,-5.436317343008107983e-01,-7.118211165630450310e-01,-3.980613351832256730e-01,1.639066786694471090e-01,5.924396686638663256e-01,6.191143825810000445e-01,2.526704908130751881e-01,-2.505731176406963967e-01,-5.701182282528742817e-01,-5.255180873831193367e-01,-1.720847504319033827e-01,2.570619991748224198e-01,5.078165019614727660e-01,4.544783989956996950e-01,1.556786079143446799e-01,-2.015030188355358964e-01,-4.207181517390933267e-01,-4.029034127501530116e-01,-1.844513519518418965e-01,1.016560120203446327e-01,3.078054795801532517e-01,3.468992749084554017e-01,2.242193262316875269e-01,1.880339197246426799e-02,-1.664346777688776036e-01,-2.556780082541847410e-01,-2.283681309200303045e-01,-1.168007798792060764e-01,1.877884940994176827e-02,1.213697807841573606e-01,1.597396372771960338e-01,1.348724542814110361e-01,7.169458136229621414e-02,3.243072623763239466e-03,-4.435398239831504774e-02,-6.029787138157038234e-02,-4.935353304666707797e-02,-2.595202036857451738e-02,-6.017742950464359530e-03,-1.897412145920889155e-04,-1.059998242771412712e-02,-3.150658118731838181e-02,-5.264292333993944584e-02,-6.351326740389702519e-02,-5.701160684989169114e-02,-3.137516810499482028e-02,9.750807552117827376e-03,5.874654672851031822e-02,1.062368529474440326e-01,1.433559622168595615e-01,1.635001020728736598e-01,1.632835516966706091e-01,1.426772836130458244e-01,1.044979284876419445e-01,5.350684849668534138e-02,-4.615121062214056630e-03,-6.420434498151673941e-02,-1.203289411647828766e-01,-1.692275368347568032e-01,-2.084822022903055905e-01,-2.369759937209656719e-01,-2.547032508472373280e-01,-2.625005728118897097e-01,-2.617545640765052695e-01,-2.541247646855376296e-01,-2.413005328838199737e-01,-2.247900681167579184e-01,-2.057150158491258540e-01,-1.845444245866459665e-01,-1.606252395513091125e-01,-1.312631231880009297e-01,-9.061652489141924782e-02,-3.529650852134372241e-02
8.489295767251764380e-01,5.309959594093794921e-01,-1.834105356995971992e-01,-7.577409406012098891e-01,-7.640177284023734749e-01,-2.030699710743681108e-01,5.018762628560923256e-01,8.278224062978082332e-01,5.419351856940297640e-01,-1.339600117298291593e-01,-6.992285585727200381e-01,-7.484708229245575772e-01,-2.614997757519902932e-01,3.977906577277056654e-01,7.579316529227648758e-01,5.783236637629505239e-01,5.623904896916701382e-03,-5.498713384834881257e-01,-7.118830488986048755e-01,-3.914772168351149939e-01,1.730324219109179440e-01,5.981029327332105794e-01,6.174253027473451949e-01,2.444661849043812951e-01,-2.602465327634509440e-01,-5.752424857859840257e-01,-5.228862329219552407e-01,-1.632189073287159120e-01,2.669528374094165546e-01,5.130327874915311392e-01,4.521365200403350548e-01,1.471963906406008882e-01,-2.114330184055586703e-01,-4.268625927129253705e-01,-4.022697379281153784e-01,-1.776354702751188064e-01,1.110827476781217071e-01,3.153085915332150546e-01,3.492095869912117401e-01,2.206772970290118707e-01,1.133065960033832059e-02,-1.744945553214121425e-01,-2.611376869547296642e-01,-2.294383835485326872e-01,-1.135467441478835299e-01,2.478465647294569169e-02,1.278811224108525046e-01,1.647242103373361133e-01,1.371132888866070654e-01,7.096829098247889323e-02,1.358894396559111100e-04,-4.881790858696236080e-02,-6.503122467718817912e-02,-5.346248118065278360e-02,-2.884098287148619336e-02,-7.376960119191703497e-03,7.059657085348710682e-05,-8.786850207438653623e-03,-2.833075989012792326e-02,-4.841272573436646021e-02,-5.865793918898284248e-02,-5.206909341987808054e-02,-2.695152564353336597e-02,1.304949179941721112e-02,6.039667927486634669e-02,1.058753431332364464e-01,1.408359177201360390e-01,1.589128530730723188e-01,1.569443398024990555e-01,1.350799818069054192e-01,9.624956356172387206e-02,4.525474865385486350e-02,-1.225170790245364884e-02,-7.068935529056921685e-02,-1.252464533255276957e-01,-1.722995350834449491e-01,-2.095691249228108788e-01,-2.360639645712179213e-01,-2.518827196735550222e-01,-2.579410415434191250e-01,-2.556794747870539397e-01,-2.467898223562533244e-01,-2.329780860493469996e-01,-2.157620864477164946e-01,-1.962783526068294926e-01,-1.750358313207025784e-01,-1.514829243318754903e-01,-1.231586036429776626e-01,-8.467062396541402691e-02,-3.289127335580463440e-02
8.489295767251764380e-01,5.307343174571368394e-01,-1.840741184454189050e-01,-7.582210522479748693e-01,-7.635102843390589866e-01,-2.014726275663552280e-01,5.035538039144125122e-01,8.280983753730933872e-01,5.401324778468404864e-01,-1.368891339440973798e-01,-7.011666407234841136e-01,-7.476901555548546296e-01,-2.581384897306842618e-01,4.015662723866911255e-01,7.593548698006833408e-01,5.760683547897211820e-01,9.317010418832996198e-04,-5.538911476828947134e-01,-7.123604086003230140e-01,-3.878223303879528849e-01,1.786116988676396122e-01,6.019998617921514805e-01,6.170071689580846064e-01,2.398221052116224772e-01,-2.663325256419285525e-01,-5.790424205216183617e-01,-5.220422761670950873e-01,-1.581579927884080028e-01,2.733271030337250385e-01,5.170950185809638500e-01,4.516256315785995290e-01,1.424163229872546510e-01,-2.179002814324891291e-01,-4.316468936591641437e-01,-4.029980872142637227e-01,-1.740547148692613011e-01,1.171410862105604633e-01,3.209661930072205682e-01,3.519565564234569122e-01,2.194541762794490203e-01,6.836213267478290223e-03,-1.802858574827206628e-01,-2.659152497140881422e-01,-2.314879898190645435e-01,-1.123077318552874598e-01,2.867866155106079881e-02,1.329889614422626043e-01,1.693844041184371096e-01,1.399884883686486059e-01,7.138097626326134204e-02,-1.856900912298083952e-03,-5.256570238006687962e-02,-6.955029926990637101e-02,-5.771450755446872610e-02,-3.195767870131573790e-02,-8.797109655151544999e-03,5.525244300872776248e-04,-6.531730684135770085e-03,-2.469917259714384666e-02,-4.397948889128362043e-02,-5.407962070720821052e-02,-4.799249316959316308e-02,-2.393499535959788330e-02,1.459597717419620563e-02,6.024856610347049946e-02,1.040057408858043042e-01,1.374038892593094363e-01,1.542315042219203902e-01,1.514348330936585718e-01,1.292188992841014628e-01,9.051703644829492412e-02,4.008958058923678403e-02,-1.648568583798381768e-02,-7.372374831181760513e-02,-1.269157646547120766e-01,-1.725374482947801547e-01,-2.083964352446797397e-01,-2.335713611172279269e-01,-2.482114811823402656e-01,-2.532642342678894098e-01,-2.501856256681309065e-01,-2.406704662853614007e-01,-2.264202300573619764e-01,-2.089467177234950179e-01,-1.893870449275974477e-01,-1.682701816705709508e-01,-1.451079101458696841e-01,-1.175923834151557656e-01,-8.063007139702048354e-02,-3.126704248747122494e-02
8.489295767251764380e-01,5.306531730846385519e-01,-1.842868423179687409e-01,-7.583959981596335442e-01,-7.633903758658340255e-01,-2.009832707114639627e-01,5.041464662535798391e-01,8.283225572666523817e-01,5.396776646425498480e-01,-1.378555396751390827e-01,-7.020195453661873808e-01,-7.477509078092323680e-01,-2.571991150309688723e-01,4.029978202745270743e-01,7.603204740234015269e-01,5.758017739179037697e-01,-5.580856508486340415e-04,-5.557302243628184923e-01,-7.133270988532235402e-01,-3.871576686361169473e-01,1.806427863808619805e-01,6.041988455997593377e-01,6.179615180677564545e-01,2.388085884124587499e-01,-2.688424535488512790e-01,-5.816128218638335623e-01,-5.231126859329316980e-01,-1.569845662099546013e-01,2.761997504157283068e-01,5.201138490404122461e-01,4.530942884420186556e-01,1.414433678594751720e-01,-2.209030046410645209e-01,-4.351774344786452642e-01,-4.052513489597453500e-01,-1.738479229096550893e-01,1.197844067543135382e-01,3.248469121672808435e-01,3.552931881244801859e-01,2.207196356832219764e-01,5.434043397691595313e-03,-1.837961908177809800e-01,-2.701027887617079015e-01,-2.346761841973629970e-01,-1.132506357906858802e-01,3.034410916311942874e-02,1.366631456797040289e-01,1.737825999300071367e-01,1.436306347870784095e-01,7.309535439490653930e-02,-2.586625626891717739e-03,-5.549907614541761680e-02,-7.382827961963579766e-02,-6.215789614565952331e-02,-3.541369219126165591e-02,-1.043041095038520216e-02,1.091295644913913877e-03,-3.983449538116746493e-03,-2.072008317171235292e-02,-3.939305228797429503e-02,-4.976041938290078070e-02,-4.469606173068377264e-02,-2.218060836050588999e-02,1.457848744620019246e-02,5.851255210961923275e-02,1.008368805203630064e-01,1.332438679827025185e-01,1.495947271078374718e-01,1.468327635640978845e-01,1.251013005100918007e-01,8.723410884790294695e-02,3.787468768705926081e-02,-1.751590888463519513e-02,-7.355659077117020217e-02,-1.256219364093992819e-01,-1.702473633914227957e-01,-2.052768077329520657e-01,-2.298045252228094470e-01,-2.439788009144380765e-01,-2.487341159961589387e-01,-2.455060500683367841e-01,-2.359656277991145634e-01,-2.217908145958794597e-01,-2.044735964198010070e-01,-1.851388570980910531e-01,-1.643168410828285131e-01,-1.415454473586370832e-01,-1.145904275113922843e-01,-7.850670430457143412e-02,-3.042688163399589682e-02
8.489295767251764380e-01,5.307526061357672464e-01,-1.840486891047332652e-01,-7.582663596640778492e-01,-7.636593371363047389e-01,-2.016029524167428644e-01,5.036552839605707987e-01,8.284988428828116147e-01,5.405755563647901552e-01,-1.368576725625381130e-01,-7.017922751845222518e-01,-7.486634258224643679e-01,-2.586907773706337843e-01,4.020855268820894279e-01,7.608412706235043732e-01,5.775433339753917039e-01,1.167516609067570854e-03,-5.553937452030464073e-01,-7.148073999964539293e-01,-3.895135863663838904e-01,1.791096305926532795e-01,6.047125375081050525e-01,6.203268097564814676e-01,2.414687548413997076e-01,-2.677563890000379532e-01,-5.829738917479444504e-01,-5.261512718131036159e-01,-1.597573523172135246e-01,2.755425187733696046e-01,5.221125418927500261e-01,4.566100582015472642e-01,1.443557560901619907e-01,-2.203950873477565353e-01,-4.374688949493535928e-01,-4.091030603309416813e-01,-1.771144863034027073e-01,1.189357848055240113e-01,3.269361416071432380e-01,3.592788416167046472e-01,2.245843617034817274e-01,7.239252662682393175e-03,-1.849563644256104200e-01,-2.737089573701480538e-01,-2.390897624025673240e-01,-1.165094057365293617e-01,2.964937675029969549e-02,1.388231654717092534e-01,1.779197755452428253e-01,1.481242681195394095e-01,7.625391144360200990e-02,-1.896450227957450921e-03,-5.749389894626404790e-02,-7.781009422014116550e-02,-6.682274949752181614e-02,-3.931734120211798078e-02,-1.243701973760032685e-02,1.512572466855324370e-03,-1.291399646354814438e-03,-1.648613610682763547e-02,-3.467074462834760645e-02,-4.563926774404648834e-02,-4.205155911490290888e-02,-2.151478842918525675e-02,1.318845389399359372e-02,5.536985168144347574e-02,9.651532554307809542e-02,1.284498452825945936e-01,1.450339007805918623e-01,1.431047433723907358e-01,1.226337293654519017e-01,8.625713763455621075e-02,3.842937941223951992e-02,-1.554558265533459611e-02,-7.039927003760371171e-02,-1.215716051222760358e-01,-1.656204141704218091e-01,-2.003776908097808784e-01,-2.249016724042705306e-01,-2.392905782350065180e-01,-2.444233310206761489e-01,-2.416809523839060503e-01,-2.326852457806832808e-01,-2.190726998435016948e-01,-2.023024502834936678e-01,-1.834749831224378458e-01,-1.631038469310640004e-01,-1.407171133241170990e-01,-1.140771844963793524e-01,-7.824204237074516843e-02,-3.034640887365366857e-02
8.489295767251764380e-01,5.310325231222042808e-01,-1.833596128838184125e-01,-7.578312883079687534e-01,-7.643156651901590326e-01,-2.033312786733521560e-01,5.020775717467511612e-01,8.286221249634595498e-01,5.428229269420240533e-01,-1.338920414003937354e-01,-7.004746112618291942e-01,-7.504178926151535700e-01,-2.626138597883239667e-01,3.988152242744033016e-01,7.608975575976307804e-01,5.812837701363191556e-01,6.120900282140857851e-03,-5.528524468200231023e-01,-7.167755918175704455e-01,-3.948899692909461079e-01,1.739810628132026915e-01,6.034968396387364598e-01,6.240778592415937576e-01,2.478189345642538011e-01,-2.630217203627693845e-01,-5.830695806586992935e-01,-5.311383149229826905e-01,-1.665119304103992448e-01,2.712817799065370683e-01,5.230244020664590598e-01,4.621580372888710042e-01,1.512056830082565695e-01,-2.162832729953744204e-01,-4.384405025058245586e-01,-4.145347067959615495e-01,-1.839143234852614051e-01,1.144849544756316173e-01,3.271310799242463929e-01,3.638745743276991518e-01,2.310979807623654014e-01,1.236981870369728044e-02,-1.836351875985619275e-01,-2.766522683289370232e-01,-2.447375762846988601e-01,-1.221830868555413008e-01,2.644534071500611455e-02,1.393315826538044921e-01,1.817271199836401618e-01,1.534985038051250583e-01,8.097505704020901973e-02,3.797390695103292188e-04,-5.839421346521332656e-02,-8.140310167844296008e-02,-7.171081163818117388e-02,-4.376531493872051065e-02,-1.498065961193137396e-02,1.631628756787870853e-03,1.388534711245193246e-03,-1.208425926534648261e-02,-2.980934186269067546e-02,-4.162369108973554277e-02,-3.989771225437357960e-02,-2.174088714129145117e-02,1.061981994128555380e-02,5.097683367408465532e-02,9.113407568615275456e-02,1.230378515961963737e-01,1.404870736255438013e-01,1.401206399388984503e-01,1.216353746882915532e-01,8.737623478980453828e-02,4.153700026980543941e-02,-1.077782998427999350e-02,-6.442490868731885756e-02,-1.148961747815909207e-01,-1.587394557741942658e-01,-1.937310125583142362e-01,-2.188450878954539824e-01,-2.340834592972078632e-01,-2.402286719632760748e-01,-2.385740166807907570e-01,-2.306669607707777236e-01,-2.180844493875142842e-01,-2.022394646418682884e-01,-1.841957903329756729e-01,-1.644327268500705430e-01,-1.424342955350889062e-01,-1.158870376128585539e-01,-7.971543456599833322e-02,-3.097702959240387563e-02
8.489295767251764380e-01,5.314926572097958823e-01,-1.822195413261584462e-01,-7.570885086197144398e-01,-7.653550170616876258e-01,-2.061663914295207289e-01,4.994069506170805695e-01,8.286782962520788942e-01,5.464084508527571327e-01,-1.289533223956365326e-01,-6.980411584304057060e-01,-7.529842159818863623e-01,-2.689597494383548781e-01,3.931585593387461053e-01,7.604370467202673511e-01,5.869847046638579924e-01,1.431334223785202253e-02,-5.480428013711866608e-01,-7.191554632353075460e-01,-4.032552680360950159e-01,1.652115652883031638e-01,6.004507536929752920e-01,6.291246203662949066e-01,2.578470655902063702e-01,-2.545539735261325709e-01,-5.817667982153550410e-01,-5.379783835103177925e-01,-1.772584576037013748e-01,2.632992836683225590e-01,5.226911608111597385e-01,4.696375433462001148e-01,1.620162314722385921e-01,-2.084279387332528544e-01,-4.379136665418001395e-01,-4.214312034133739782e-01,-1.942636483914814138e-01,1.062897098301802262e-01,3.252381389736651585e-01,3.689375307101521173e-01,2.402431448361606325e-01,2.094347004864161726e-02,-1.796379234839164118e-01,-2.787552090632442470e-01,-2.515427641912459378e-01,-1.303296326708156261e-01,2.056706954555935843e-02,1.379901688383513569e-01,1.850578667575195901e-01,1.597175999148110759e-01,8.734603060473236646e-02,4.415366493441584897e-03,-5.800811658882280841e-02,-8.446802765126598667e-02,-7.678425182588224929e-02,-4.883276919643581016e-02,-1.822306432762528863e-02,1.252825807333804572e-03,3.887345038927020411e-03,-7.606833554528256991e-03,-2.479812283772443726e-02,-3.760174663667552319e-02,-3.804840063496760932e-02,-2.264187927876474410e-02,7.072410436874320902e-03,4.547388478372153819e-02,8.474544623246556274e-02,1.169608307756423160e-01,1.358136638363281745e-01,1.376661310779059288e-01,1.218469530841257281e-01,9.031952561538851565e-02,4.694420688857629115e-02,-3.421219850824869842e-03,-5.577811064128763985e-02,-1.056649188858275329e-01,-1.495945280649223774e-01,-1.852499974522670012e-01,-2.114783667715294802e-01,-2.281417088727264453e-01,-2.358869613781909014e-01,-2.358868537446576485e-01,-2.295888512780989987e-01,-2.184912270938778323e-01,-2.039463319006989128e-01,-1.869681051115266168e-01,-1.679841654670138906e-01,-1.464024123740184646e-01,-1.197672394913969762e-01,-8.274580233903287840e-02,-3.224654400233025603e-02
8.489295767251764380e-01,5.321325682009314662e-01,-1.806283792148528078e-01,-7.560343262287356758e-01,-7.667702042002981777e-01,-2.101049214771391338e-01,4.956334231200226204e-01,8.286442645386562500e-01,5.513125564076118978e-01,-1.220346415457970457e-01,-6.944515355920619637e-01,-7.563118358648227568e-01,-2.777102120582699563e-01,3.850736640894999452e-01,7.593749373726552676e-01,5.945777659743517463e-01,2.575356540021271970e-02,-5.408679439850494486e-01,-7.218197339036084292e-01,-4.145444018133594422e-01,1.527436161832026462e-01,5.954171492233492069e-01,6.353103568750422259e-01,2.715090497658951829e-01,-2.422399286589221878e-01,-5.788555921224801670e-01,-5.464968786343635809e-01,-1.919763723379631915e-01,2.514359421747447421e-01,5.208624602069923393e-01,4.788570346417512780e-01,1.767744146892533952e-01,-1.966477615412624558e-01,-4.356112247868013654e-01,-4.295746338413303778e-01,-2.081263849781330721e-01,9.418207498845948544e-02,3.209730604292450606e-01,3.742145384527915675e-01,2.519256362628422563e-01,3.306926195775755639e-02,-1.727089056109715748e-01,-2.797395277080617082e-01,-2.593327235039170064e-01,-1.409551057493946824e-01,1.184049147595278746e-02,1.345394010046490063e-01,1.876797156655602705e-01,1.666693860559061713e-01,9.541200643222683131e-02,1.038526540821837693e-02,-5.610635604616460298e-02,-8.681071235409203168e-02,-8.195346742106014715e-02,-5.456138448993768514e-02,-2.231630153433724478e-02,1.704787022311742819e-04,6.016562471556416783e-03,-3.163506075606902640e-03,-1.963295267090396992e-02,-3.345465593550810135e-02,-3.630058371861149408e-02,-2.398153748745097957e-02,2.757995719749533909e-03,3.899767941224424606e-02,7.737734889276709493e-02,1.101261084852532129e-01,1.308102275480206023e-01,1.354542996395372845e-01,1.229363940692605739e-01,9.475206979320457967e-02,5.435313445553998507e-02,6.296380303208226614e-03,-4.459357711400074864e-02,-9.390681438696231453e-02,-1.381062840433452399e-01,-1.747526602100073212e-01,-2.025286597296051816e-01,-2.211171794371092902e-01,-2.309920249201259934e-01,-2.331725589268626442e-01,-2.289794249725491948e-01,-2.198112958319625165e-01,-2.069435141212254969e-01,-1.913256425973045571e-01,-1.733161344358419564e-01,-1.522174229480156571e-01,-1.253737040482721110e-01,-8.708798574960852079e-02,-3.405753400964946914e-02
8.489295767251764380e-01,5.329516425144131819e-01,-1.785860141706363258e-01,-7.546636413748819550e-01,-7.685511844226688982e-01,-2.151419126498429202e-01,4.907434985411374684e-01,8.284879864162482122e-01,5.575071979029522229e-01,-1.131280372649115934e-01,-6.896507171126928792e-01,-7.603294616413309726e-01,-2.888363997434079677e-01,3.745062981940259217e-01,7.575941701534977257e-01,6.039632881106110629e-01,4.044539629935454961e-02,-5.311993963417700471e-01,-7.245894542676537542e-01,-4.286555696402700177e-01,1.365116513790062547e-01,5.881845608119281588e-01,6.424093210014443223e-01,2.887230976888024436e-01,-2.259431426174447477e-01,-5.740505050180680913e-01,-5.564354869167920103e-01,-2.106060823308546770e-01,2.354988673934748089e-01,5.171967699911053096e-01,4.895275023712654661e-01,1.954203152867353133e-01,-1.807285887788115386e-01,-4.311587769243480084e-01,-4.386365964713143106e-01,-2.254012191944404775e-01,7.797965350561807119e-02,3.139643688701085900e-01,3.793354279137728380e-01,2.659606013547285430e-01,4.883345584613776186e-02,-1.625390600029412158e-01,-2.792234324850741412e-01,-2.678272018019702272e-01,-1.539980707377667790e-01,9.474952244585770446e-05,1.286622525748701007e-01,1.892686065953837760e-01,1.741518085860740972e-01,1.051610148440251108e-01,1.845495085186725850e-02,-5.242472099357963627e-02,-8.817553244001548329e-02,-8.706423342715705060e-02,-6.094504312928299833e-02,-2.739205303213822565e-02,-1.827658483624387733e-03,7.563379787569698108e-03,1.107099388603965040e-03,-1.433129285706503594e-02,-2.907073094782942554e-02,-3.444315119746908099e-02,-2.550559118122313132e-02,-2.092453996147861008e-03,3.169566981303399006e-02,6.905235423490614644e-02,1.024155390994937326e-01,1.252280990974858066e-01,1.331376959052060771e-01,1.245031996443324712e-01,1.002715339985241066e-01,6.340851995801700947e-02,1.810745760140859001e-02,-3.102217756330209741e-02,-7.964022783585890386e-02,-1.241571033824107606e-01,-1.619923092769065542e-01,-1.916348394192524673e-01,-2.125538134564646242e-01,-2.250146320395340904e-01,-2.298506062978596387e-01,-2.282273479381694281e-01,-2.214207707921075075e-01,-2.106104586320689809e-01,-1.966653290906168194e-01,-1.798571612738772696e-01,-1.593571259005511220e-01,-1.322618220679931400e-01,-9.242525603278783919e-02,-3.628415558587902434e-02
8.489295767251764380e-01,5.339490931652378647e-01,-1.760923245652745439e-01,-7.529699678606247559e-01,-7.706850517524562738e-01,-2.212707178380234618e-01,4.847203685666378048e-01,8.281685226763632057e-01,5.649555508433417028e-01,-1.022251030045568665e-01,-6.835695346937999961e-01,-7.649447564838478542e-01,-3.022975028100284844e-01,3.613914777340525575e-01,7.549459026729307132e-01,6.150086360129147778e-01,5.838452248813832957e-02,-5.188796515360841743e-01,-7.272334930139078280e-01,-4.454460434949477632e-01,1.164476843118924659e-01,5.784901828385777822e-01,6.501241430326453186e-01,3.093621484143285749e-01,-2.055120150505759247e-01,-5.669934323958957245e-01,-5.674468584251387560e-01,-2.330377164082279851e-01,2.152719353989391848e-01,5.112642521163699438e-01,5.012547950396837315e-01,2.178324100020325171e-01,-1.604369167746951819e-01,-4.240888299633177039e-01,-4.481698091654076066e-01,-2.459044693687803540e-01,5.750261062481738794e-02,3.037610661965592929e-01,3.838069805352279373e-01,2.820553356293797886e-01,6.827938275207651175e-02,-1.487792864854858843e-01,-2.767218622784789472e-01,-2.766253253426960157e-01,-1.693092628757227325e-01,-1.481903942025050366e-02,1.199935031501682542e-01,1.894050607223138061e-01,1.818582915351516782e-01,1.165045730854284423e-01,2.876419214822658124e-02,-4.667153058681210859e-02,-8.824173863672539475e-02,-9.188491969835826945e-02,-6.791306613508577006e-02,-3.354703014335572858e-02,-4.952978722479199972e-03,8.288603387228849970e-03,5.026769892120615604e-03,-8.947838507629009633e-03,-2.436110701303319595e-02,-3.226791804444461426e-02,-2.694451578220909832e-02,-7.222009444478962037e-03,2.374146240215309345e-02,5.980886688085383651e-02,9.370850897916821465e-02,1.187939551742474981e-01,1.303226768666219115e-01,1.260838183620491548e-01,1.064031969136965128e-01,7.368229782417823337e-02,3.168018166878407149e-02,-1.526287808237340900e-02,-6.290958312531519381e-02,-1.076298274646437236e-01,-1.466958142906203966e-01,-1.783831137986355009e-01,-2.019188901649409118e-01,-2.173281872176327234e-01,-2.252263089208386970e-01,-2.265944627385814703e-01,-2.225603793474694725e-01,-2.141866088571308113e-01,-2.022433447256404837e-01,-1.868984411092549369e-01,-1.671706917741488663e-01,-1.398752744608626752e-01,-9.836013495133921758e-02,-3.876819238942701140e-02
8.489295767251764380e-01,5.351239597476028509e-01,-1.731471895973752118e-01,-7.509454575163728718e-01,-7.731560246382074286e-01,-2.284828675405462250e-01,4.775441340801778178e-01,8.276361193395042060e-01,5.736116361769941774e-01,-8.931780905404525239e-02,-6.761253521956592794e-01,-7.700439927155274811e-01,-3.180390622844203041e-01,3.456556070503192246e-01,7.512502650294945461e-01,6.275462223302304965e-01,7.955436253091391352e-02,-5.037257033467829048e-01,-7.294682633520153114e-01,-4.647270590815366087e-01,9.248862106766017610e-02,5.660242827726741366e-01,6.580832235713721667e-01,3.332445171415950869e-01,-1.807905481068002029e-01,-5.572584118508221440e-01,-5.790889799524923109e-01,-2.590971214806617184e-01,1.905301821207580903e-01,5.025522635745636180e-01,5.135315696526012719e-01,2.438093274716499892e-01,-1.355384131184562413e-01,-4.138487159294189643e-01,-4.575999582741602234e-01,-2.693492118308357663e-01,3.259671719696632247e-02,2.898457202874155092e-01,3.870088333113473889e-01,2.997894409555834083e-01,9.138114683348974587e-02,-1.310608001791804533e-01,-2.716514094628837417e-01,-2.851929077875423602e-01,-1.866270174467321852e-01,-3.300201251025871446e-02,1.081360267798431168e-01,1.875747964090317965e-01,1.893631734051091919e-01,1.292543436076637187e-01,4.140415275631328246e-02,-3.854170450575429563e-02,-8.662437663245048380e-02,-9.609501835645418988e-02,-7.531139951610832384e-02,-4.082394950333172179e-02,-9.403360940364315426e-03,7.929040867380963975e-03,8.369550216514582211e-03,-3.590105726143903806e-03,-1.927751709049650708e-02,-2.958387548533098627e-02,-2.801967053428569554e-02,-1.234342201228809562e-02,1.534945566644310352e-02,4.972347056932818754e-02,8.390779797950606578e-02,1.112343346925768750e-01,1.265879926408313150e-01,1.271607067394427415e-01,1.125973333849809993e-01,8.465872413822522757e-02,4.659212485004590037e-02,2.401558994882510827e-03,-4.382776798238863930e-02,-8.845383957082531001e-02,-1.286103652863910818e-01,-1.623517829702355031e-01,-1.886435908947436957e-01,-2.072434953292107696e-01,-2.185187705617240572e-01,-2.232364687995660735e-01,-2.223488993339180764e-01,-2.167780385278839372e-01,-2.071757338186959452e-01,-1.935895134696747621e-01,-1.748708443289011816e-01,-1.475366719969521678e-01,-1.044062852332514890e-01,-4.131547797962677876e-02
8.489295767251764380e-01,5.364751084253590596e-01,-1.697505014977059579e-01,-7.485809302655078712e-01,-7.759454331727058118e-01,-2.367679118962767171e-01,4.691920838567029683e-01,8.268323193463186227e-01,5.834198812905896370e-01,-7.439950189431789040e-02,-6.672229286296027517e-01,-7.754917088617460097e-01,-3.359909661128766545e-01,3.272191319240632112e-01,7.462974666893581466e-01,6.413713031208710946e-01,1.039210737964290782e-01,-4.855336168683842546e-01,-7.309578815570012544e-01,-4.862579671982938945e-01,6.458529323976007486e-02,5.504362980997012933e-01,6.658385113323584958e-01,3.601230082874596894e-01,-1.516319389297690889e-01,-5.443588685497514623e-01,-5.908198775211661591e-01,-2.885294226558028363e-01,1.610583265899900030e-01,4.904743447150305413e-01,5.257298227216425923e-01,2.730485041627138121e-01,-1.058218844012696336e-01,-3.998134469657606549e-01,-4.662191418411911203e-01,-2.953214400784234250e-01,3.162758400794122605e-03,2.716542880861531617e-01,3.881931070418330743e-01,3.185936728458671485e-01,1.180113396405629150e-01,-1.090235699648679779e-01,-2.633418733825226843e-01,-2.928519865993421956e-01,-2.055495054764424623e-01,-5.447444376211417472e-02,9.268564831405375071e-02,1.831758225688920882e-01,1.961091577743863945e-01,1.430957481904348849e-01,5.638769070760709518e-02,-2.773896618088468602e-02,-8.288188637667306957e-02,-9.927686169665012050e-02,-8.288277793598990140e-02,-4.918793919880737331e-02,-1.534407400418575859e-02,6.206129864011696723e-03,1.085786021723772823e-02,1.567262700577804792e-03,-1.383184261986656130e-02,-2.623549784619808034e-02,-2.845445206051562884e-02,-1.713927604548980480e-02,6.786706632497071200e-03,3.893299855633586964e-02,7.296782697230209946e-02,1.023048098507963050e-01,1.215094715988529334e-01,1.271778890759805991e-01,1.182324164367622027e-01,9.572369169942279710e-02,6.230584659820503218e-02,2.156801394610133316e-02,-2.262222557193436373e-02,-6.665748988849386214e-02,-1.075588744489544557e-01,-1.431664488909984434e-01,-1.721752846434663475e-01,-1.940559750477202916e-01,-2.089015209755772373e-01,-2.172361045386121958e-01,-2.198085869371329271e-01,-2.173753182553945784e-01,-2.104493152540829470e-01,-1.989431709385126590e-01,-1.815340532353184322e-01,-1.544447151335920920e-01,-1.099848836456669698e-01,-4.369405882294483123e-02
8.489295767251764380e-01,5.380012319349993799e-01,-1.659021798236261780e-01,-7.458659098901118112e-01,-7.790317060666316351e-01,-2.461132373728026346e-01,4.596390259716214288e-01,8.256901109100349689e-01,5.943146273747436092e-01,-5.746607836166271743e-02,-6.567554868447407213e-01,-7.811304058383339299e-01,-3.560651597115687683e-01,3.059997319116124492e-01,7.398493394119224353e-01,6.562396627257873760e-01,1.314277405070164162e-01,-4.640842456598495702e-01,-7.313149917424150992e-01,-5.097398628992072522e-01,3.271320266746027827e-02,5.313429144182133523e-01,6.728641419618718311e-01,3.896728354130633010e-01,-1.179151036007936859e-01,-5.277579164915975340e-01,-6.019934546463775460e-01,-3.209806429947271722e-01,1.266736542120272258e-01,4.743836644545850745e-01,5.370952309290858429e-01,3.051224920490082648e-01,-7.112896708136225155e-02,-3.813048210245747471e-01,-4.731826406941290197e-01,-3.232544764452385255e-01,-3.080765102253265816e-02,2.486040988782377559e-01,3.864899604522417653e-01,3.377294002777092574e-01,1.479034291471600093e-01,-8.235385691645757955e-02,-2.510567430544610179e-01,-2.987751993570622600e-01,-2.255055622596548737e-01,-7.913545682328791686e-02,7.326610370298523855e-02,1.755346501361901568e-01,2.013994895165430732e-01,1.575602934454989612e-01,7.361299530978135386e-02,-1.400759468853017727e-02,-7.653282823956772396e-02,-1.009131266190022441e-01,-9.024773410117040151e-02,-5.849894571679045696e-02,-2.288141352935020231e-02,2.842691936459422215e-03,1.216516186268829652e-02,6.271412412319727486e-03,-8.116436203415166098e-03,-2.212533373924764277e-02,-2.799187376219780532e-02,-2.126888479559847431e-02,-1.620467614126126906e-03,2.765418768736401314e-02,6.092403732196758487e-02,9.182380033595770319e-02,1.146921737585714501e-01,1.255656673228382203e-01,1.226277871741909137e-01,1.061624750242760595e-01,7.815070567077939123e-02,4.167962036629179606e-02,3.185776733898623811e-04,-4.242458219882694337e-02,-8.350295690638749602e-02,-1.205659217569052394e-01,-1.520430786530361511e-01,-1.771080843751826062e-01,-1.955596819715778312e-01,-2.076535903037612374e-01,-2.139080741376558903e-01,-2.148886135645464157e-01,-2.109491984117056185e-01,-2.018559732840841392e-01,-1.861148759662569763e-01,-1.596833184692370844e-01,-1.144294716253249911e-01,-4.563571403463325543e-02
8.489295767251764380e-01,5.397008496071321604e-01,-1.616021877945999219e-01,-7.427886656105406882e-01,-7.823903582553896063e-01,-2.565038595365650154e-01,4.488576727421716983e-01,8.241341194368754230e-01,6.062195947019174413e-01,-3.851733039225557070e-02,-6.446060071942403269e-01,-7.867803263477183284e-01,-3.781531100956955771e-01,2.819160669520582863e-01,7.316414119918193126e-01,6.718653222707411388e-01,1.619878072189616380e-01,-4.391502015332551245e-01,-7.301025285484379346e-01,-5.348089710564634114e-01,-3.115072765905513037e-03,5.083384385694679208e-01,6.785565046751461660e-01,4.214788151371572367e-01,-7.956415355023399583e-02,-5.068823602232360725e-01,-6.118574493169555151e-01,-3.559781041853563588e-01,8.725335959210896164e-02,4.535919669172653879e-01,5.467448161301280418e-01,3.394540381242892590e-01,-3.138957979411458737e-02,-3.576181505368045688e-01,-4.775111327590909061e-01,-3.524033996787639955e-01,-6.919023480126618164e-02,2.201313564537851764e-01,3.809216573654301552e-01,3.562713001592060502e-01,1.806101918613826907e-01,-5.083148595015399979e-02,-2.340250778977955026e-01,-3.019882914847501487e-01,-2.457268229756601752e-01,-1.067165396706800384e-01,4.957530987075054602e-02,1.639345507880744512e-01,2.043983846130363602e-01,1.719994137161957592e-01,9.282164280451488114e-02,2.825302921338274358e-03,-6.708435240782084641e-02,-1.003934385694977283e-01,-9.688934708751308078e-02,-6.848171685437416667e-02,-3.202891876139728894e-02,-2.410468829907635915e-03,1.192783511358448331e-02,1.018614893267559725e-02,-2.323233176853948222e-03,-1.724022058156048434e-02,-2.641941441594644613e-02,-2.438406127951016703e-02,-9.488043440313552804e-03,1.619796281483852629e-02,4.792108613805104445e-02,7.970991809756004798e-02,1.058104445094859986e-01,1.217765377873260835e-01,1.250693085820426265e-01,1.151705220982331412e-01,9.331613896764986982e-02,6.200088562709286932e-02,2.440324489144870754e-02,-1.615081320875198442e-02,-5.661053233227516385e-02,-9.447722258204764578e-02,-1.279364853326798168e-01,-1.558682561634015529e-01,-1.777663232151193706e-01,-1.935982069633576941e-01,-2.036276393678369545e-01,-2.082057300449937087e-01,-2.075091883383696489e-01,-2.011509346224207850e-01,-1.874809342771456555e-01,-1.622485598087674286e-01,-1.170036382638637851e-01,-4.684260658516132408e-02
8.489295767251764380e-01,5.415723074132029469e-01,-1.568505506129825866e-01,-7.393362596014947385e-01,-7.859939801393323044e-01,-2.679221935893272843e-01,4.368190799514973244e-01,8.220808507410025667e-01,6.190473193520127371e-01,-1.755845421463408593e-02,-6.306487665581290702e-01,-7.922393679666969168e-01,-4.021230726256064258e-01,2.548920880037027770e-01,7.213856213120795058e-01,6.879184313772563897e-01,1.954778517814587668e-01,-4.105041751322531796e-01,-7.268367224253194925e-01,-5.610301352069566594e-01,-4.283592713119319800e-02,4.810077758890280997e-01,6.822363889473060938e-01,4.550224495181817708e-01,-3.657072375875965176e-02,-4.811410455929555074e-01,-6.195546633692298188e-01,-3.929106012482260768e-01,4.276623135657151020e-02,4.273950630997302436e-01,5.536697235736067757e-01,3.752915000689948655e-01,1.333720327479237522e-02,-3.280579166680493430e-01,-4.781008096785915873e-01,-3.818218912561412992e-01,-1.116812274016652923e-01,1.857392392679322324e-01,3.704280064455668375e-01,3.730966698281055205e-01,2.154604900260263245e-01,-1.438680826939260811e-02,-2.114871800384963418e-01,-3.013846608346630318e-01,-2.652249680382661734e-01,-1.367309653212623322e-01,2.144343818354280465e-02,1.476588051719388284e-01,2.041440013525226138e-01,1.855638798021457536e-01,1.135534365907782672e-01,2.279690000066185787e-02,-5.407486225739779884e-02,-9.703397816654404928e-02,-1.021457668840414362e-01,-7.869626329536069664e-02,-4.266711800336860788e-02,-9.736956913180803280e-03,9.769058470074020242e-03,1.289626813740998509e-02,3.241497619484829621e-03,-1.167922083390288135e-02,-2.360099486484102532e-02,-2.615542094276897961e-02,-1.638705104684356692e-02,4.974618227226969107e-03,3.423628790060492116e-02,6.602023590306167755e-02,9.465483460900440960e-02,1.153331904664619961e-01,1.248508299018477458e-01,1.218818444713772875e-01,1.068622552153352806e-01,8.160791686986788862e-02,4.880685776759565581e-02,1.150619393555038159e-02,-2.732256005248099098e-02,-6.509542678616087041e-02,-9.979441860218218885e-02,-1.300251397659772656e-01,-1.549783940120748604e-01,-1.743229044217701196e-01,-1.880501015242593832e-01,-1.962775045093423099e-01,-1.989903722856899704e-01,-1.956482561446024337e-01,-1.844745702755149486e-01,-1.610990758619146312e-01,-1.169357943238027997e-01,-4.700082067148621257e-02
8.489295767251764380e-01,5.436137780450307488e-01,-1.516473757063556416e-01,-7.354946005738084436e-01,-7.898122295734144593e-01,-2.803478046312672389e-01,4.234931409657572421e-01,8.194389939956948643e-01,6.326985769680519844e-01,5.398284509610943444e-03,-6.147511433976751150e-01,-7.972831864596898743e-01,-4.278172204078998786e-01,2.248619130440957237e-01,7.087737698222376093e-01,7.040235282101617864e-01,2.317298272651784896e-01,-3.779286867569051078e-01,-7.209916780261886871e-01,-5.878908304787401340e-01,-8.631942826589297790e-02,4.489422892274010368e-01,6.831539366841368199e-01,4.896696781867472259e-01,1.098111969246954971e-02,-4.499481573188901518e-01,-6.241287688722071403e-01,-4.310096590748457857e-01,-6.691752519235093753e-03,3.951058088741732921e-01,5.567451376661032292e-01,4.116866739781374074e-01,6.281773624679981571e-02,-2.919834064698464404e-01,-4.737441086792070766e-01,-4.103446099660339463e-01,-1.577474210983148550e-01,1.450571204324885843e-01,3.539061067635499436e-01,3.868854988379016313e-01,2.515178522445704057e-01,2.683373415376472462e-02,-1.827560150053445798e-01,-2.957562730240233528e-01,-2.827790595619965597e-01,-1.684227062811183839e-01,-1.109791235849805907e-02,1.260514618466125614e-01,1.995787902511438616e-01,1.971941667101018425e-01,1.351020683341274398e-01,4.574645618071803560e-02,-3.713264258682007213e-02,-9.011426868780580968e-02,-1.052156807748911432e-01,-8.851331418554943264e-02,-5.449934587939458258e-02,-1.920610538820948648e-02,5.337180199203139623e-03,1.392539768166489028e-02,8.151146907843079964e-03,-5.679809128421886046e-03,-1.951445538789692291e-02,-2.630985182774692524e-02,-2.187029851608722486e-02,-5.514362040052825722e-03,2.029346621970708198e-02,5.098508240137535757e-02,8.118284432917746707e-02,1.058875747733103861e-01,1.213328186853782215e-01,1.254187486723974121e-01,1.177535917673397936e-01,9.940120854758958957e-02,7.246014153286882420e-02,3.959202378827570562e-02,3.589550356496797306e-03,-3.296073038750674256e-02,-6.789815455614942041e-02,-9.959231608871277341e-02,-1.269490778773993411e-01,-1.493404944526096345e-01,-1.664775257660864038e-01,-1.782322065946453371e-01,-1.843907969973239969e-01,-1.842679535040427918e-01,-1.760055656120887435e-01,-1.552342444215257800e-01,-1.134744537247718010e-01,-4.580222295371171731e-02
8.489295767251764380e-01,5.458232610354700753e-01,-1.459928748195844228e-01,-7.312485035543979661e-01,-7.938118278315977605e-01,-2.937571399012898210e-01,4.088491361324197992e-01,8.161097934523824371e-01,6.470618112088442064e-01,3.033174096115698326e-02,-5.967757088899383611e-01,-8.016655513541028899e-01,-4.550487085451315750e-01,1.917752579374451816e-01,6.934818412644135899e-01,7.197583781636496258e-01,2.705229444899193703e-01,-3.412273157003527513e-01,-7.120058718717225954e-01,-6.147961986785775990e-01,-1.333529809083887352e-01,4.117587533463186178e-01,6.804971778448033470e-01,5.246602626318673801e-01,6.288789116803454593e-02,-4.127519407028399367e-01,-6.245361080893140349e-01,-4.693335252046664241e-01,-6.085877004843507493e-02,3.560952767623117299e-01,5.547495176698047370e-01,4.474776650763393482e-01,1.165954292516700463e-01,-2.488649193600533382e-01,-4.631638673427507236e-01,-4.365789260099479652e-01,-2.065760258319180587e-01,9.791053078196493287e-02,3.302671004068480909e-01,3.961360929674963005e-01,2.875456500501068491e-01,7.239599347518325956e-02,-1.472954108081114266e-01,-2.838453606400042628e-01,-2.969390897514650463e-01,-2.007202308052975781e-01,-4.773791539239487930e-02,9.859709109125634752e-02,1.896021843705329724e-01,2.056284524221964338e-01,1.564776381271153205e-01,7.124717709701026969e-02,-1.605083280543421337e-02,-7.893503205394235278e-02,-1.051827756253798096e-01,-9.710105263169188650e-02,-6.700827399657409422e-02,-3.071496456392462313e-02,-1.639928620788273783e-03,1.277146704748538357e-02,1.186696423991148892e-02,3.629415513418873264e-04,-1.429089992042731870e-02,-2.467806837225992520e-02,-2.551481157202065142e-02,-1.470207163409311540e-02,6.661386456751849060e-03,3.503309523575879464e-02,6.556799890850535661e-02,9.328737050553706500e-02,1.140170814015076389e-01,1.249647849404041111e-01,1.249208608306953822e-01,1.141484394177932765e-01,9.406789030135348506e-02,6.684662945071459528e-02,3.498732397536978567e-02,9.786395557872412145e-04,-3.295757964814550328e-02,-6.501398939281763378e-02,-9.384858735998403978e-02,-1.185551502478652958e-01,-1.385692280256422271e-01,-1.535161476462260643e-01,-1.629849914288889479e-01,-1.661644526931514987e-01,-1.611759883545022531e-01,-1.438017602640380699e-01,-1.059655427255881549e-01,-4.297534450400544020e-02
8.489295767251764380e-01,5.481985829292304047e-01,-1.398873878765297118e-01,-7.265817559963732020e-01,-7.979565608727801074e-01,-3.081232455502103673e-01,3.928563375362733590e-01,8.119874984018145003e-01,6.620125866627255551e-01,5.720995160327915774e-02,-5.765826225072216982e-01,-8.051190205422670276e-01,-4.835987586092349577e-01,1.556033961365400065e-01,6.751752833784663288e-01,7.346536251896017555e-01,3.115754153524717962e-01,-3.002374110020242792e-01,-6.992909173335882800e-01,-6.410656808029494558e-01,-1.836243885059721803e-01,3.691215157148720061e-01,6.734049489695220769e-01,5.590999518254798906e-01,1.187983960787942911e-01,-3.690691193316202878e-01,-6.196649520369005293e-01,-5.067559124773103330e-01,-1.192668201339285028e-01,3.098424324284746456e-01,5.463953671538575030e-01,4.812799897948404348e-01,1.739418820479352312e-01,-1.983503844982674180e-01,-4.450635588371804618e-01,-4.589105004799837739e-01,-2.570285348414337867e-01,4.440019717640239505e-02,2.985119724437368949e-01,3.992014436329551774e-01,3.219850775135835175e-01,1.215048878321687981e-01,-1.048145227077774549e-01,-2.644208453596684216e-01,-3.060527605498035708e-01,-2.322025748057763017e-01,-8.780494079386415296e-02,6.501918120499652898e-02,1.731500186742800373e-01,2.094358678948377295e-01,1.763842453086179596e-01,9.853815563243499553e-02,9.123156830488783967e-03,-6.289984570934947783e-02,-1.010655733882663554e-01,-1.034310948462749402e-01,-7.942029871306013900e-02,-4.392527684519725167e-02,-1.128496902790375976e-02,8.963172339566559052e-03,1.376651431290171028e-02,5.891167410097465640e-03,-8.249848921171316907e-03,-2.124867172869732146e-02,-2.697978695394311066e-02,-2.200281960602510842e-02,-5.969376778181160331e-03,1.879868302862447091e-02,4.823913832127467438e-02,7.764291984132734581e-02,1.026330223542645803e-01,1.198596095791671090e-01,1.273530464499735282e-01,1.245632993738884781e-01,1.121659673290100329e-01,9.173350348104995777e-02,6.536327632791555375e-02,3.533261235592840416e-02,3.824493638353091297e-03,-2.725684848028311555e-02,-5.637955917228591740e-02,-8.239674295065933796e-02,-1.044902306274752973e-01,-1.220513858662429785e-01,-1.344859590584310816e-01,-1.408874234868545405e-01,-1.394329348417194803e-01,-1.262317087753010159e-01,-9.395005354901786454e-02,-3.832470874690166451e-02
8.489295767251764380e-01,5.507373975135551047e-01,-1.333314085229241885e-01,-7.214771903469217040e-01,-8.022072873275760685e-01,-3.234154708212764184e-01,3.754846687820982409e-01,8.069599011232420072e-01,6.774130880630341300e-01,8.598808344957306615e-02,-5.540323475334284486e-01,-8.073560043567247213e-01,-5.132138626964583006e-01,1.163456017315559754e-01,6.535153574671765941e-01,7.481935105821423404e-01,3.545363314221798290e-01,-2.548442255647047627e-01,-6.822429290430508386e-01,-6.659318944811692953e-01,-2.367049016800405747e-01,3.207678281472171600e-01,6.609849722054507160e-01,5.919567580417967045e-01,1.781852545437185853e-01,-3.185249756259986298e-01,-6.083636382293524658e-01,-5.419618478217940183e-01,-1.812017140481973210e-01,2.559920394727958626e-01,5.303735970904992492e-01,5.114895963819285907e-01,2.338110035772632822e-01,-1.403411727675174803e-01,-4.181957721861837007e-01,-4.755276677812154684e-01,-3.076041600454674785e-01,-1.501321884108467418e-02,2.578272208833365386e-01,3.943514969131380332e-01,3.529534716455315357e-01,1.729362517213962336e-01,-5.537579436139044436e-02,-2.363821637873423087e-01,-3.083228916102996875e-01,-2.610870797579507574e-01,-1.301889832678273240e-01,2.539404050974079091e-02,1.493034865147607471e-01,2.070828676146237723e-01,1.932229093931719377e-01,1.264656082165281636e-01,3.798897250637906647e-02,-4.162100016366118704e-02,-9.189835432883150523e-02,-1.063128595973617946e-01,-9.068757265685788160e-02,-5.820306434005302620e-02,-2.348921802118700969e-02,2.138867754452138375e-03,1.319808866859688290e-02,1.020128950719426456e-02,-1.921583532341087589e-03,-1.622194925455397799e-02,-2.607680127888769087e-02,-2.688070916885726414e-02,-1.683643208521165904e-02,3.103294383213385434e-03,2.989949410614366893e-02,5.938410601736499733e-02,8.722653600673595242e-02,1.097098817323210462e-01,1.242179830841897564e-01,1.294229789986897361e-01,1.252240334447432268e-01,1.125181528946834209e-01,9.288840549849265715e-02,6.828195455406797787e-02,4.072906607806986434e-02,1.213187734016374364e-02,-1.586700322832918300e-02,-4.193854315166161556e-02,-6.505176748146122845e-02,-8.439354794502569590e-02,-9.921431276775569130e-02,-1.085553334043490026e-01,-1.107376233562816920e-01,-1.023878821679308632e-01,-7.727575793378418934e-02,-3.177618505051248848e-02
8.489295767251764380e-01,5.534371861190819919e-01,-1.263256112533754083e-01,-7.159167631919455266e-01,-8.065219547074081730e-01,-3.395991628435177656e-01,3.567054189640861406e-01,8.009089726430325129e-01,6.931116896592512955e-01,1.166062952545769138e-01,-5.289886978221851610e-01,-8.080702918903180931e-01,-5.436032208728631687e-01,7.403600688787263795e-02,6.281666391060850563e-01,7.598179302038385874e-01,3.989780109198902691e-01,-2.049963380249393841e-01,-6.602567806614400014e-01,-6.885424648886160348e-01,-2.920330091359203961e-01,2.665361188408055249e-01,6.423377935065052169e-01,6.220628269892085616e-01,2.403177300048487397e-01,-2.608986450888878816e-01,-5.894788377103017396e-01,-5.734532691481862843e-01,-2.456661076392908372e-01,1.944197172313118505e-01,5.054131380376160054e-01,5.363018483290429295e-01,2.948007042267319355e-01,-7.507449728505520559e-02,-3.814501638083431234e-01,-4.844697174829349362e-01,-3.564197635655816931e-01,-7.942415618829695712e-02,2.076993310089704503e-01,3.798657755409177716e-01,3.782715163966706706e-01,2.249829320180620762e-01,4.893597998580824114e-04,-1.988909051066793388e-01,-3.019023579761394016e-01,-2.852498334700774296e-01,-1.732791779952679578e-01,-1.972672345802614635e-02,1.174275465144122427e-01,1.970396787692458851e-01,2.051315414434454476e-01,1.534460191605965529e-01,6.969483083381373956e-02,-1.504618549171722088e-02,-7.684675193193707399e-02,-1.044656014653175813e-01,-9.949977334495345438e-02,-7.257224004774857906e-02,-3.782608215827533427e-02,-7.854124733145938578e-03,9.564952700188960460e-03,1.249186042927924283e-02,3.954113106343661727e-03,-1.005307488596623305e-02,-2.284489828241880946e-02,-2.893749372715449450e-02,-2.518519263738880354e-02,-1.109736147480349343e-02,1.151385113111279279e-02,3.929346023719666042e-02,6.823786893318939395e-02,9.450457118651589550e-02,1.150034808323479596e-01,1.277212304901963191e-01,1.317963607795284986e-01,1.274037636858768030e-01,1.155221727742687943e-01,9.765497626525790342e-02,7.555987044275737363e-02,5.102391240247652893e-02,2.570259795272004238e-02,1.027891246034417410e-03,-2.181765211007830399e-02,-4.186421402956910093e-02,-5.825017338273178608e-02,-7.001902373481304342e-02,-7.573043128449617745e-02,-7.271920395455230834e-02,-5.621090694975782592e-02,-2.342360407349672671e-02
8.489295767251764380e-01,5.562952580017808124e-01,-1.188708800167433827e-01,-7.098816410833090895e-01,-8.108556254078415071e-01,-3.566353555844058998e-01,3.364920093678839264e-01,7.937116059776224697e-01,7.089426204954812905e-01,1.489875386471378182e-01,-5.013222214862816939e-01,-8.069391129497888171e-01,-5.744365402902186224e-01,2.875077728073622760e-02,5.988057309683244567e-01,7.689261106071112462e-01,4.443892082448678282e-01,-1.507221322387173046e-01,-6.327434850199903371e-01,-7.079655597319688409e-01,-3.488999056569478396e-01,2.063967288907031239e-01,6.165871282705971401e-01,6.481234952205778832e-01,3.042377604251744194e-01,-1.961726420033224338e-01,-5.619048700189416268e-01,-5.995671893093890148e-01,-3.113490355814397259e-01,1.253020592708024017e-01,4.703567356882177863e-01,5.537506255900765950e-01,3.551278531506291691e-01,-3.208089031455802279e-03,-3.339606290128775967e-01,-4.837037988962301638e-01,-4.012143787629967595e-01,-1.474048352955651120e-01,1.480443570873460901e-01,3.541592054039457982e-01,3.955282311768958947e-01,2.754267298274453157e-01,6.166660885636430361e-02,-1.515271966605384046e-01,-2.850316890306254791e-01,-3.022906698891762445e-01,-2.149307867026852004e-01,-6.919677543872695957e-02,7.733424948718312097e-02,1.779312025440156209e-01,2.100739294456354933e-01,1.774668797253795005e-01,1.028536282376509153e-01,1.640268655445631385e-02,-5.535753945889246297e-02,-9.663576127547220118e-02,-1.043389526841062287e-01,-8.569736652036065438e-02,-5.347294828816234052e-02,-2.084690601761621243e-02,2.439514827419574528e-03,1.194913175638315228e-02,8.464632913707198156e-03,-3.471057466439900641e-03,-1.761835012316878557e-02,-2.801177774860744846e-02,-3.037630697442240957e-02,-2.280504717753337185e-02,-5.747236979251468293e-03,1.849991472992008543e-02,4.655051711321114838e-02,7.471682184825213791e-02,9.966353196037990025e-02,1.188458483626171486e-01,1.307152689990998540e-01,1.347250495579194740e-01,1.311926143997045047e-01,1.210822537196405702e-01,1.057641392949607850e-01,8.679141802927181626e-02,6.572121748910263184e-02,4.399150206999975776e-02,2.285602005520180266e-02,3.375381098032795638e-03,-1.353476586310653484e-02,-2.698335689096054493e-02,-3.586220546542518567e-02,-3.838567648691720152e-02,-3.154152168367456432e-02,-1.356928478150787494e-02
8.489295767251764380e-01,5.593087508173766320e-01,-1.109683381853396184e-01,-7.033522931367234277e-01,-8.151605141351927486e-01,-3.744804568559914060e-01,3.148208107293773428e-01,7.852404761407006939e-01,7.247257530681759929e-01,1.830353325902139838e-01,-4.709139200699819505e-01,-8.036258075608295748e-01,-6.053423381664613245e-01,-1.938452202348537462e-02,5.651312168096677135e-01,7.748821849194664768e-01,4.901696409320162040e-01,-9.214699325628426807e-02,-5.991508295968510645e-01,-7.231998928826892659e-01,-4.064377526574517452e-01,1.404843419700861629e-01,5.829169267000394727e-01,6.687351637545477789e-01,3.687414985676066848e-01,-1.245849866095100900e-01,-5.246444588975111012e-01,-6.185092519980776027e-01,-3.766061361007200237e-01,4.918850004175628204e-02,4.242527672421766982e-01,5.617714399255311353e-01,4.126231652758758361e-01,7.409912775139033958e-02,-2.752293590416882152e-01,-4.712340898907017572e-01,-4.393871325617860202e-01,-2.169459671489882002e-01,7.934554450328160091e-02,3.159412725627202545e-01,4.021919667392151454e-01,3.215497766180694938e-01,1.263600835214954976e-01,-9.446302671927199468e-02,-2.562210181773954543e-01,-3.096539754811806766e-01,-2.524787535784047687e-01,-1.211755702558588998e-01,2.946039900917430190e-02,1.487320006578594089e-01,2.059879599973644393e-01,1.961426461966219448e-01,1.354931393334360690e-01,5.169392070663074434e-02,-2.733580927096477750e-02,-8.176318651734827692e-02,-1.035900598632518155e-01,-9.591342939599564743e-02,-6.915950371849304001e-02,-3.623683249504548731e-02,-8.298600337491548323e-03,7.873206534111434549e-03,1.060733164094389454e-02,2.542274359830455546e-03,-1.107014250110642875e-02,-2.427523324070295779e-02,-3.201235708845360378e-02,-3.110887848690265314e-02,-2.061363353428002920e-02,-1.581676157434659018e-03,2.349076405135402945e-02,5.136903426698638531e-02,7.874613319449379201e-02,1.027596481762711733e-01,1.213110538328513455e-01,1.331905976694321703e-01,1.380443326558846995e-01,1.362349108990610624e-01,1.286483732191295859e-01,1.164906142901486752e-01,1.011044813045548357e-01,8.382544279757617178e-02,6.588292318567953720e-02,4.834704943161854951e-02,3.211738675333053461e-02,1.795216295488011315e-02,6.545490931299885462e-03,-1.325942173923370156e-03,-4.628235570630285720e-03,-2.748775263992141258e-03
8.489295767251764380e-01,5.624746312001278614e-01,-1.026193797644862765e-01,-6.963085904655748060e-01,-8.193860384277800168e-01,-3.930859376194207333e-01,2.916720080444291652e-01,7.753650255248060175e-01,7.402665443064225803e-01,2.186315502778323483e-01,-4.376592930269385673e-01,-7.977831709820306649e-01,-6.359069034786619667e-01,-7.018753220472420673e-02,5.268748443845272522e-01,7.770229381497005816e-01,5.356263457659037330e-01,-2.951075286309048223e-02,-5.589872693771764656e-01,-7.331899368599910094e-01,-4.636120172421966390e-01,6.913099539200252830e-02,5.406151374120381492e-01,6.824135497817570561e-01,4.323690452525301153e-01,-4.668155591317658254e-02,-4.768805738092032342e-01,-6.284052687645984570e-01,-4.394553780217622663e-01,-3.292976141377787491e-02,3.664614032079419603e-01,5.582916995490317946e-01,4.647533449840173803e-01,1.551187251835312031e-01,-2.052627461838446854e-01,-4.452448892562252403e-01,-4.680773366438014671e-01,-2.854281948817911085e-01,2.787940608077158107e-03,2.644046298571303688e-01,3.957734919863221124e-01,3.601999308114690046e-01,1.920268033587910206e-01,-2.863878620472974992e-02,-2.144726453537901256e-01,-3.048138379016284705e-01,-2.828162453949105704e-01,-1.730708923970847024e-01,-2.495847796988315964e-02,1.089977822442695921e-01,1.909987604622884749e-01,2.068432753315665173e-01,1.650640108116865346e-01,8.907661748220292719e-02,6.665822990860218594e-03,-5.919258019522100067e-02,-9.571590142843269811e-02,-1.013210143054055767e-01,-8.316534193845066814e-02,-5.289700745217734007e-02,-2.231495600255435294e-02,-1.595468059405231065e-04,9.424793129447769230e-03,6.828443320624847865e-03,-4.210861367446684829e-03,-1.830496990983477082e-02,-3.006690951648726198e-02,-3.534394979496283118e-02,-3.187242512686644380e-02,-1.937557359439562657e-02,7.584557449984047654e-04,2.603489446090947318e-02,5.347252129491283229e-02,8.015401619481493656e-02,1.036298203255439643e-01,1.221500815405814483e-01,1.347376799301409356e-01,1.411379968703590504e-01,1.416894595946181501e-01,1.371566865720946493e-01,1.285595673868857036e-01,1.170205567457937579e-01,1.036414169802560847e-01,8.941080743803571373e-02,7.513517011041662141e-02,6.137498629329931482e-02,4.835180993636092883e-02,3.577020413733139614e-02,2.260454013228627157e-02,8.271285328107332718e-03
8.489295767251764380e-01,5.657896954582146698e-01,-9.382570171001755610e-02,-6.887299124882829693e-01,-8.234788839689466400e-01,-4.123980281815701754e-01,2.670305089875646964e-01,7.639525822978122660e-01,7.553561589602310056e-01,2.556342635649008765e-01,-4.014726869757849759e-01,-7.890575353255148139e-01,-6.656740827756054690e-01,-1.234118767476286710e-01,4.838138739478896055e-01,7.746679660300250791e-01,5.799724243693419323e-01,3.681521977576081295e-02,-5.118489106424067847e-01,-7.368470106640507833e-01,-5.192193200291396193e-01,-7.101814706747071153e-03,4.891237078310566866e-01,6.876336759301422408e-01,4.934053604122505821e-01,3.663453771687723987e-02,-4.180580168891467885e-01,-6.273727753072537716e-01,-4.975935140666587486e-01,-1.195599256608820132e-01,2.967715029186194786e-01,5.413498646969712169e-01,5.086779481796159796e-01,2.375072033250423820e-01,-1.247108429934519064e-01,-4.042762551685781247e-01,-4.842943526584280178e-01,-3.496386846659387260e-01,-7.962536995909533233e-02,1.994339561282159889e-01,3.740432524337998221e-01,3.879241204569106594e-01,2.553653446748582190e-01,4.407736320731977381e-02,-1.595329499956815722e-01,-2.855266054795151942e-01,-3.025554933685456471e-01,-2.215495584882539448e-01,-8.374403175964359458e-02,5.911612813902837604e-02,1.636944169426421125e-01,2.069089932271435672e-01,1.885311851388576654e-01,1.260273778462341621e-01,4.527162485479815923e-02,-2.891600115661554365e-02,-7.949739247045517487e-02,-9.996206695328746505e-02,-9.339190770266064812e-02,-6.913564374153520486e-02,-3.868747917723822094e-02,-1.211252236106304982e-02,4.190524385753810130e-03,8.194282280412601774e-03,1.677588519663495000e-03,-1.110620733297634603e-02,-2.499025732770611755e-02,-3.525842523002972739e-02,-3.856450053411738382e-02,-3.333570611565040559e-02,-1.972428498511957090e-02,7.538510233336940701e-04,2.573456953091648319e-02,5.253628784761531917e-02,7.860857369247671589e-02,1.018472579004231215e-01,1.207646399683126176e-01,1.345314210863195747e-01,1.429221880008428314e-01,1.462004897010302784e-01,1.449759940991922069e-01,1.400581183070219726e-01,1.323203076140285761e-01,1.225777576752515030e-01,1.114675147427392210e-01,9.929821609168172636e-02,8.579595816256480045e-02,6.961825321918384268e-02,4.777291245073565784e-02,1.853283245997314199e-02
8.489295767251764380e-01,5.692505703983331555e-01,-8.458933721234070113e-02,-6.805952601139085845e-01,-8.273830863966733506e-01,-4.323574262191444695e-01,2.408868909592401797e-01,7.508696181618017551e-01,7.697718062070312284e-01,2.938756961340827090e-01,-3.622919172469657445e-01,-7.770936387235696241e-01,-6.941460630273542654e-01,-1.787403452454600083e-01,4.357844678972997432e-01,7.671324489328030793e-01,6.223287737312949153e-01,1.063120313757885682e-01,-4.574492121212810902e-01,-7.330767753757979621e-01,-5.718923209482541514e-01,-8.739381531408270398e-02,4.280938112566117226e-01,6.828825866940340106e-01,5.498955061985879578e-01,1.240605751979529936e-01,-3.479721945564597796e-01,-6.136137090967470620e-01,-5.484385560398966630e-01,-2.086643909819192733e-01,2.155223142550574400e-01,5.092431029912900531e-01,5.413477841540775826e-01,3.182951850545992500e-01,-3.499845001532495004e-02,-3.474266490534340668e-01,-4.851021959697313646e-01,-4.058478453296417432e-01,-1.649949217413148039e-01,1.218194251589497373e-01,3.352987235987458514e-01,4.011805087385444391e-01,3.123818066237281088e-01,1.207743713442419042e-01,-9.215300295571775269e-02,-2.501452286909279232e-01,-3.082836441899928781e-01,-2.626439818179158725e-01,-1.436947142367350494e-01,5.476202674075913686e-04,1.234500738429242239e-01,1.939566148128083201e-01,2.025722767073522279e-01,1.592880345540083065e-01,8.615704489245265552e-02,8.181202300777144776e-03,-5.432735755007014888e-02,-9.008296533664369998e-02,-9.753161803142430808e-02,-8.273794591423008771e-02,-5.582255883540645364e-02,-2.731086585982301848e-02,-5.369725578439014241e-03,5.620455282787300416e-03,5.189149464645840572e-03,-4.058259034921412808e-03,-1.775926542098878180e-02,-3.115734724673683426e-02,-4.019600217552318777e-02,-4.218834524085591370e-02,-3.604729782687719070e-02,-2.215787251394615853e-02,-2.019466089682090456e-03,2.220982093501118124e-02,4.815862169039052815e-02,7.360590675683197082e-02,9.672852912786697455e-02,1.162289739914199732e-01,1.313598836493959920e-01,1.418719863813715509e-01,1.479136827433294166e-01,1.499061642402739758e-01,1.484095630172792279e-01,1.439838683922384233e-01,1.370309966626385989e-01,1.275736213276639497e-01,1.148655580386686165e-01,9.664613624582983620e-02,6.824880111909266411e-02,2.697103993104258898e-02
8.489295767251764380e-01,5.728537142923439962e-01,-7.491268979672094375e-02,-6.718833757727458167e-01,-8.310401313024061709e-01,-4.528990218934667578e-01,2.132383806476935706e-01,7.359831501850395696e-01,7.832773204990985949e-01,3.331603426695488590e-01,-3.200831157397541760e-01,-7.615403191537014616e-01,-7.207853278296858512e-01,-2.357787608105286759e-01,3.826959263412289536e-01,7.537426802584078489e-01,6.617294129270948622e-01,1.782992756315638638e-01,-3.956507854851555872e-01,-7.208134652003507226e-01,-6.201132036619723120e-01,-1.706416956112467853e-01,3.574446394396417204e-01,6.667252156626348736e-01,5.996773510853132816e-01,2.138636917786441161e-01,-2.668610866513926316e-01,-5.855279338577409343e-01,-5.892031550990454170e-01,-2.976429027264139160e-01,1.237214576046209991e-01,4.607001240176674117e-01,5.596500084955234877e-01,3.939242983209402249e-01,6.156778226358906869e-02,-2.745718183912234100e-01,-4.678594181951258313e-01,-4.499599460793877737e-01,-2.495072146428947979e-01,3.345203173974106020e-02,2.786694080465891288e-01,3.966342379328147705e-01,3.585552678533925341e-01,1.974600288805213877e-01,-1.432670229323352792e-02,-1.979777398313349313e-01,-2.969172041449952837e-01,-2.919796831060418318e-01,-2.006083555273265595e-01,-6.398358736422748994e-02,7.077089715683561322e-02,1.662689127828683999e-01,2.038984071920635910e-01,1.850296513841389878e-01,1.260179597082318192e-01,5.011353386317409647e-02,-2.052909579705580398e-02,-7.047685402365727603e-02,-9.334815914165520145e-02,-9.112230708851973282e-02,-7.146136482698317582e-02,-4.431023951898826335e-02,-1.885212305227221968e-02,-1.478333174059435345e-03,5.025698371899818551e-03,1.237825189001273522e-03,-9.836664785276531472e-03,-2.398225574618786243e-02,-3.692498614891014802e-02,-4.519544257603511084e-02,-4.661176341938201573e-02,-4.039892996246313706e-02,-2.702819744924193218e-02,-7.887814797074642337e-03,1.510801877109481210e-02,3.988837961061485193e-02,6.452027352010807071e-02,8.740547167279129337e-02,1.073793193119906147e-01,1.237259231024420980e-01,1.361305977132863387e-01,1.445901679408051754e-01,1.492960566325820249e-01,1.504942180360732962e-01,1.483070320057944813e-01,1.424657216018915540e-01,1.318275319563259884e-01,1.134505203246644056e-01,8.148723485216696760e-02,3.254490747107964543e-02
8.489295767251764380e-01,5.765954179990174788e-01,-6.479856808061690288e-02,-6.625728702154750627e-01,-8.343890740780888216e-01,-4.739516456263601074e-01,1.840898587724275337e-01,7.191622894209254158e-01,7.956240172755575379e-01,3.732633171316522280e-01,-2.748457442153180996e-01,-7.420570522253300272e-01,-7.450179614306499110e-01,-2.940508438812318714e-01,3.245454938419611857e-01,7.338544048349271431e-01,6.971310072447424178e-01,2.519240727330931962e-01,-3.264983996637587094e-01,-6.990608978686720931e-01,-6.622372588495948342e-01,-2.554425249866553171e-01,2.774233635700656952e-01,6.378830442651707289e-01,6.404345757266800554e-01,3.038676440605176943e-01,-1.754948565181496944e-01,-5.418454913339519896e-01,-6.170027271624454190e-01,-3.833494886578300842e-01,2.314800224633866560e-02,3.950721696630025703e-01,5.606021305238773067e-01,4.603443906192500878e-01,1.617351209868531092e-01,-1.865831220469250928e-01,-4.305084304115125438e-01,-4.777477783748361184e-01,-3.285020394653024867e-01,-6.252893092953702714e-02,2.044367372684475770e-01,3.715318387482335893e-01,3.891201145947798534e-01,2.691349137994381024e-01,7.053504076686592517e-02,-1.296574425933181562e-01,-2.661444134760684310e-01,-3.051403310367908905e-01,-2.494476573188074420e-01,-1.304011751153716647e-01,7.606948730227955022e-03,1.232391952708650623e-01,1.896975305649687693e-01,1.991710769438473083e-01,1.606836717154485894e-01,9.368366290548987840e-02,2.034899404578415297e-02,-4.087602952005303658e-02,-7.906479007870986786e-02,-9.163348315815302014e-02,-8.281854163291801907e-02,-6.086357903699907146e-02,-3.499288879175414813e-02,-1.297681195833711582e-02,2.988531692383797865e-04,3.217513435855167466e-03,-3.011365695967816586e-03,-1.528284787533026705e-02,-2.967202804591032375e-02,-4.238851755621628192e-02,-5.045382343785274892e-02,-5.205191981493924314e-02,-4.658394749059996398e-02,-3.450475260111285358e-02,-1.703433256835872739e-02,4.170488644993546393e-03,2.731966339579507824e-02,5.072934206729890622e-02,7.298056408085842883e-02,9.299792694340557053e-02,1.100593222327105325e-01,1.237515327335818177e-01,1.338841106378902690e-01,1.403652136563807717e-01,1.430247353653661957e-01,1.413319728594570612e-01,1.338757979822440825e-01,1.173665354161586849e-01,8.544194320437292767e-02,3.440478384971519532e-02
8.489295767251764380e-01,5.804718062540321633e-01,-5.425022102016534287e-02,-6.526423559562907206e-01,-8.373666812136744131e-01,-4.954378443859751013e-01,1.534548813852519844e-01,7.002799366598898567e-01,8.065518530503265060e-01,4.139289985789169624e-01,-2.266176960762346093e-01,-7.183213302091674413e-01,-7.662384667572857966e-01,-3.529944184585059874e-01,2.614333758628219484e-01,7.068739157882032442e-01,7.274271483054168819e-01,3.261542855221589154e-01,-2.502519908545141614e-01,-6.669399404058121705e-01,-6.965278892553647960e-01,-3.400877473045674226e-01,1.886630772356047425e-01,5.953241849721124801e-01,6.697722027426940006e-01,3.914627497706529291e-01,-7.525593645071197713e-02,-4.817731614420472375e-01,-6.290003579898426622e-01,-4.621536162966082273e-01,-8.357302532657721883e-02,3.125307986588327647e-01,5.415928200867339282e-01,5.131817900625079698e-01,2.613044873345135577e-01,-8.552217380023077742e-02,-3.719001594942649702e-01,-4.851749198488169434e-01,-3.966477054905938049e-01,-1.616715381759951109e-01,1.143347486290377385e-01,3.241361206285762186e-01,3.994727706934350642e-01,3.300120682240999526e-01,1.575435616054420840e-01,-4.747625995309050217e-02,-2.149256710288357242e-01,-2.981711286418579632e-01,-2.846820237811885645e-01,-1.933470951714791608e-01,-6.242386404637241537e-02,6.581966644004008660e-02,1.581767062755521092e-01,1.978635796880054143e-01,1.854173734812184504e-01,1.345301864925942392e-01,6.533088453558703879e-02,-2.339308648701202142e-03,-5.383154316212724472e-02,-8.197548709285612523e-02,-8.688596205965776198e-02,-7.403989326458991493e-02,-5.159312924705204001e-02,-2.780396399878497932e-02,-9.139335068812317123e-03,7.006806919515813940e-04,8.911945713386180100e-04,-7.044764257823690583e-03,-2.010028842294035029e-02,-3.470896289838706211e-02,-4.752852231678683648e-02,-5.597547354752076265e-02,-5.848595976046243317e-02,-5.453808694868825940e-02,-4.450334984212195311e-02,-2.940316784252802740e-02,-1.063805687995524225e-02,1.026050442041597996e-02,3.182525482453809479e-02,5.278266056796499656e-02,7.211681493378879759e-02,8.907484053163504389e-02,1.031219973562634146e-01,1.138491023643189437e-01,1.208193725125682599e-01,1.233068588996310000e-01,1.198041465457086452e-01,1.070741958713792574e-01,7.901528224246985588e-02,3.207556239976881024e-02
8.489295767251764380e-01,5.844788391414295070e-01,-4.327137346943092655e-02,-6.420705871822601774e-01,-8.399075945661130804e-01,-5.172736925727887680e-01,1.213567077580065684e-01,6.792146229168403160e-01,8.157909174610900038e-01,4.548700476038259333e-01,-1.754803927265543850e-01,-6.900368532394578480e-01,-7.838162477072190271e-01,-4.119593339402131127e-01,1.935775119401547395e-01,6.722817274382223429e-01,7.514678668748467905e-01,3.997771464767809202e-01,-1.674181646367029208e-01,-6.237416538843161273e-01,-7.212040411494863301e-01,-4.225708014236875254e-01,9.223473961792048870e-02,5.383623000651055479e-01,6.853158642202044071e-01,4.736448750581592759e-01,3.179907712870309183e-02,-4.051482312990254964e-01,-6.225878615886955014e-01,-5.300540119538903472e-01,-1.929402478832778767e-01,2.142564160250766681e-01,5.006616288045977470e-01,5.479853083463447350e-01,3.552156575217879086e-01,2.521715573283198064e-02,-2.921301727189810071e-01,-4.687992891023934350e-01,-4.482417731470213496e-01,-2.582680044050277846e-01,1.178633784564980108e-02,2.541870900914754428e-01,3.856947997768568892e-01,3.739074895893982342e-01,2.404377115916441210e-01,4.438227975387794288e-02,-1.439992672607370017e-01,-2.681978083563351656e-01,-3.008228768563827038e-01,-2.464651004552065594e-01,-1.339808578136731099e-01,-3.102613619072678262e-03,1.091491495905425047e-01,1.781250493168539117e-01,1.954301210876359107e-01,1.673967265157995099e-01,1.099843502731617101e-01,4.244717642606365277e-02,-1.820931977864073681e-02,-6.075532873491414076e-02,-8.091094663493203498e-02,-8.053909274577580879e-02,-6.561800961510248775e-02,-4.382538378768802145e-02,-2.240569845890314632e-02,-6.719067195710690284e-03,4.099048451053291932e-04,-1.359771457509409984e-03,-1.042129634713282946e-02,-2.398799745383663889e-02,-3.887417213114791048e-02,-5.213741734151093599e-02,-6.150665198147695079e-02,-6.558482826032273338e-02,-6.385990325684304247e-02,-5.658045918491806658e-02,-4.455696860841647927e-02,-2.894196942022914804e-02,-1.102840221585225065e-02,7.909964213591285515e-03,2.672534756578594933e-02,4.444858907099097367e-02,6.029043499568748771e-02,7.359245521725649164e-02,8.371790900454988138e-02,8.984559701318119151e-02,9.056969043044683920e-02,8.312502341657879157e-02,6.245851842061736492e-02,2.562194247635022140e-02
8.489295767251764380e-01,5.886123137596844801e-01,-3.186626186780043557e-02,-6.308366058933617682e-01,-8.419445200135882157e-01,-5.393686437911094922e-01,8.782932350374905717e-02,6.558524891417838454e-01,8.230632820275468609e-01,4.957668700484999524e-01,-1.215637631657777995e-01,-6.569424729718419398e-01,-7.971038813071076312e-01,-4.702074940279092341e-01,1.213275595718285305e-01,6.296584876867973302e-01,7.680847277826968744e-01,4.714045696961403076e-01,-7.877836523674931757e-02,-5.689848099896517297e-01,-7.345005873797979534e-01,-5.006113962703946374e-01,-1.031159940122119978e-02,4.667603667091416164e-01,6.848345810554367086e-01,5.470888290493108874e-01,1.429055816269422796e-01,-3.125894584366173401e-01,-5.955988238834699633e-01,-5.828513175365194199e-01,-3.006060477782984686e-01,1.025969177577354119e-01,4.368027176431417691e-01,5.605502538073148244e-01,4.377371713687799870e-01,1.408526053522561050e-01,-1.928520005264642567e-01,-4.262386274318695767e-01,-4.776446996840251757e-01,-3.455684572583141989e-01,-9.797878543232159398e-02,1.633366734773087914e-01,3.451632053894441166e-01,3.948099144295902918e-01,3.119027679962667610e-01,1.397841731534803511e-01,-5.631603398428756957e-02,-2.141081339201297840e-01,-2.931420590250368163e-01,-2.829359221227675802e-01,-2.001921330626811879e-01,-7.849913997271182331e-02,4.457766475524842231e-02,1.385685533608022602e-01,1.866014904996652068e-01,1.866659345839168926e-01,1.486493126707660872e-01,8.905768548654299788e-02,2.542596804196081348e-02,-2.806744633166842820e-02,-6.301982510760838208e-02,-7.721921433650297262e-02,-7.352665681355660676e-02,-5.792628153752030218e-02,-3.742743113583670705e-02,-1.832662064596976906e-02,-5.098423782504423601e-03,3.788776138430675607e-05,-3.011651676834856996e-03,-1.271513546074260446e-02,-2.657694808130724867e-02,-4.179039927997214160e-02,-5.576608327737559573e-02,-6.648155667632728305e-02,-7.264783970016185088e-02,-7.372166480067190997e-02,-6.980893944353916414e-02,-6.150769116462499048e-02,-4.973243998258785464e-02,-3.555108963007287681e-02,-2.005375842202070102e-02,-4.263044288366326165e-03,1.091136587077125644e-02,2.467285296243241360e-02,3.628737335234220873e-02,4.496093925832791299e-02,4.958617100780566417e-02,4.824606368507212972e-02,3.761755868190058000e-02,1.575328958370290564e-02
8.489295767251764380e-01,5.928678660954463941e-01,-2.003966986304342793e-02,-6.189198939753687290e-01,-8.434084417743968887e-01,-5.616254299307423814e-01,5.291844618412196166e-02,6.300893961676925503e-01,8.280852265315776783e-01,5.362676069357149577e-01,-6.505097803990560201e-02,-6.188217942499111279e-01,-8.054472709342220815e-01,-5.269153906972454671e-01,4.517745247253458774e-02,5.787126182515978101e-01,7.761216787250266869e-01,5.394864006686548308e-01,1.458839842368932389e-02,-5.024758771612468644e-01,-7.347415329181343768e-01,-5.716992190780743055e-01,-1.169216068271110576e-01,3.808337858020512390e-01,6.663849452362545778e-01,6.082603546516249793e-01,2.545957030007763855e-01,-2.056322959991702115e-01,-5.465451150892397525e-01,-6.163820150052894409e-01,-4.014828560697831228e-01,-1.882801575134870203e-02,3.502698441077912728e-01,5.473117935443352344e-01,5.027745047046859872e-01,2.552778713529650356e-01,-7.752367301311001435e-02,-3.566630058066630471e-01,-4.798382499894621733e-01,-4.161790425004404104e-01,-2.079819480736064818e-01,5.548828685612103295e-02,2.771933512447075088e-01,3.876128714362393479e-01,3.641347653746863089e-01,2.308350177788061341e-01,4.269335293631550815e-02,-1.372087175215501165e-01,-2.585244163359939895e-01,-2.962716540754162797e-01,-2.531578425003015997e-01,-1.532694749150169955e-01,-3.104534811302467681e-02,8.012453827704334175e-02,1.563520557960241253e-01,1.871636638002757425e-01,1.749871416115981182e-01,1.315102205429083959e-01,7.268422999197997336e-02,1.399602016273648365e-02,-3.290636626492895317e-02,-6.180527251435413705e-02,-7.185571513515698339e-02,-6.636466909931619529e-02,-5.101624200667254083e-02,-3.209028996277180079e-02,-1.505362877603040606e-02,-3.703941510987690620e-03,1.265482571583744918e-04,-3.582559159074983138e-03,-1.347909250869333553e-02,-2.739639070128440518e-02,-4.289505813333803486e-02,-5.770024520786700556e-02,-6.999371924632705189e-02,-7.855840979864031626e-02,-8.279851741618557415e-02,-8.267074973639629287e-02,-7.856433616552233046e-02,-7.116269127164594199e-02,-6.131137556215793261e-02,-4.990808739900271657e-02,-3.782270076963008265e-02,-2.585002071201273136e-02,-1.469586357879075315e-02,-4.999683605947068121e-03,2.593012855245516342e-03,7.279891968328375956e-03,7.917942278282699697e-03,3.824557455790873924e-03
8.489295767251764380e-01,5.972409731177936720e-01,-7.796963670146934110e-03,-6.063005308413994543e-01,-8.442288635073802450e-01,-5.839400140572020836e-01,1.668249927711019931e-02,6.018331521015510832e-01,8.305698590222966304e-01,5.759887301636495982e-01,-6.182792549782022314e-03,-5.755133019511945447e-01,-8.081977268691766803e-01,-5.811795328568273300e-01,-3.422418566205027990e-02,5.193089789798219780e-01,7.744715935749970637e-01,6.023327581757111915e-01,1.112906131584906477e-01,-4.243689383662677672e-01,-7.204250813978052559e-01,-6.331593264611753424e-01,-2.250331809842238129e-01,2.815458059317556549e-01,6.284722996476974632e-01,6.535689684111555264e-01,3.627519948425706464e-01,-8.683285018619338325e-02,-4.748634040096481046e-01,-6.268107126389752537e-01,-4.899385151457928411e-01,-1.451037408510114646e-01,2.428519546373710813e-01,5.057878229502009715e-01,5.443003585254921894e-01,3.612791349741776847e-01,4.846370539281714268e-02,-2.612628963826747475e-01,-4.510798753979469722e-01,-4.626551826099959963e-01,-3.097823386682073687e-01,-6.303981771107899923e-02,1.836331277751043767e-01,3.489583892021456135e-01,3.896532328513598320e-01,3.083811030674130649e-01,1.451246728842095490e-01,-4.173776207971223451e-02,-1.963593035161498024e-01,-2.813296397432071827e-01,-2.847965523351120853e-01,-2.186841843570545840e-01,-1.106204404459461693e-01,6.611583741129487511e-03,1.045539103631838301e-01,1.651795063414092379e-01,1.828701306980882457e-01,1.628327856764733295e-01,1.173017137322719811e-01,6.106097650907028190e-02,7.551580412053090011e-03,-3.368547381113509015e-02,-5.802144927906673771e-02,-6.542273022823875961e-02,-5.925794721046900859e-02,-4.473915947596855680e-02,-2.742858733819845268e-02,-1.209361629923677746e-02,-2.031679236755065850e-03,1.146639992064509613e-03,-2.625939381359589618e-03,-1.224232484562943341e-02,-2.588226033746598639e-02,-4.145946424597478364e-02,-5.698566834256431346e-02,-7.081939274685643271e-02,-8.179692712954092504e-02,-8.926261193657680781e-02,-9.302530393038060952e-02,-9.326978608950405036e-02,-9.044841806347662938e-02,-8.517196512891618554e-02,-7.811112098836538176e-02,-6.991267576705857689e-02,-6.112627421146885065e-02,-5.212706115520449046e-02,-4.300137049465090761e-02,-3.333912895327847958e-02,-2.198910064782813936e-02,-8.299565668440238991e-03
8.489295767251764380e-01,6.017269551055841603e-01,4.855873040887835786e-03,-5.929593562079280566e-01,-8.443340771194586258e-01,-6.062016036070007052e-01,-2.080646095246778404e-02,5.710058402576353442e-01,8.302301394076193608e-01,6.145163221367114792e-01,5.473866290397114143e-02,-5.269208388235465668e-01,-8.047259645221780389e-01,-6.320251329745257829e-01,-1.160665593828283798e-01,4.514976494406981455e-01,7.621181656099503821e-01,6.581464323652341797e-01,2.096196014266742402e-01,-3.352223604017099401e-01,-6.903186012649374925e-01,-6.822406167286964029e-01,-3.316003631854904654e-01,1.705868307900146319e-01,5.702218841846682373e-01,6.795611358047811690e-01,4.627192919340142319e-01,4.017683101498522452e-02,-3.811530173833451163e-01,-6.109710244219036523e-01,-5.600883338484770047e-01,-2.701052032241699763e-01,1.180818218614652776e-01,4.350387792021121469e-01,5.568970124922030251e-01,4.509269159348450740e-01,1.778289673552575778e-01,-1.436260849958737873e-01,-3.895998587236899624e-01,-4.782758116123244085e-01,-3.940308879089643446e-01,-1.836116123814771628e-01,6.930337456718764499e-02,2.781030196932695597e-01,3.823233974260899504e-01,3.628530765591754803e-01,2.409794676665752977e-01,6.490785128902180900e-02,-1.093282875510036140e-01,-2.354455580604217502e-01,-2.880093424908674593e-01,-2.652623988162241542e-01,-1.848013761642318120e-01,-7.502055353926109782e-02,3.430548042444287599e-02,1.195749458691094808e-01,1.675579673537556935e-01,1.760467197774583936e-01,1.517340534025239940e-01,1.065790274125660159e-01,5.393054032338532450e-02,5.368848698943997147e-03,-3.122717266768923472e-02,-5.231246980046846962e-02,-5.824752351707750131e-02,-5.220779933820712121e-02,-3.884768459083703940e-02,-2.305676838753285482e-02,-9.021206616454575250e-03,3.249964535274408391e-04,3.476268145701288947e-03,2.410729065864147434e-04,-8.554798930785461469e-03,-2.144184569135742027e-02,-3.667323786719674239e-02,-5.252875664790489924e-02,-6.752947278237633744e-02,-8.055926029024568225e-02,-9.090460203885325496e-02,-9.823204051528473812e-02,-1.025243658139017716e-01,-1.039939232867831131e-01,-1.029856903328403295e-01,-9.987450145144938229e-02,-9.494856425862141514e-02,-8.824991082598887537e-02,-7.930035825721780396e-02,-6.658477573657997639e-02,-4.693583763482950255e-02,-1.852561835089428996e-02
8.489295767251764380e-01,6.063209782201067766e-01,1.791220494136604169e-02,-5.788781374979002914e-01,-8.436514599852041885e-01,-6.282927302971916816e-01,-5.946188238846317198e-02,5.375462263754514636e-01,8.267823093864967721e-01,6.514081138106854185e-01,1.173468188915461757e-01,-4.730242167325869884e-01,-7.944379436799203775e-01,-6.784183676978186028e-01,-1.993729871934913911e-01,3.755417154258292589e-01,7.381824695903286271e-01,7.050660081646222821e-01,3.075576668297587690e-01,-2.360484311859920581e-01,-6.435603911586595949e-01,-7.162275803781251726e-01,-4.331499006832221221e-01,5.042806882994635420e-02,4.915501108592866819e-01,6.831496768040901113e-01,5.494814123280145068e-01,1.707002140069253660e-01,-2.673815894853383002e-01,-5.667371770782795304e-01,-6.061834331839869305e-01,-3.867123363644652811e-01,-1.866437495835330390e-02,3.360988269633042314e-01,5.363830092637199565e-01,5.161512606343524601e-01,3.016644435656051781e-01,-9.945860517871838238e-03,-2.962625234767494176e-01,-4.579517396821948805e-01,-4.513015309686216336e-01,-2.957044408240128708e-01,-5.783475808610772512e-02,1.776785181288420834e-01,3.384965536560479715e-01,3.854337133829258688e-01,3.189865676658077409e-01,1.723750178820964429e-01,-3.908279855758398785e-03,-1.595193875296058161e-01,-2.580591162883715262e-01,-2.840779197656256305e-01,-2.428900995895322823e-01,-1.549547569908127365e-01,-4.764848307970143831e-02,5.277185807602848000e-02,1.270137973663959807e-01,1.655123521362728001e-01,1.682505448487113808e-01,1.424670490595074113e-01,9.935565528949713565e-02,5.077979245163687094e-02,6.721390783024128006e-03,-2.619618734835038251e-02,-4.511010352497392406e-02,-5.047503408105429717e-02,-4.511148371756358577e-02,-3.308101933546708784e-02,-1.865308512351874712e-02,-5.526381454621103265e-03,3.632499085850875858e-03,7.349206756325906038e-03,5.265503443355295556e-03,-2.088029092204459706e-03,-1.358751221585454902e-02,-2.781260857898651753e-02,-4.329963145138435859e-02,-5.872753516519687439e-02,-7.303108788027035114e-02,-8.544761424060057231e-02,-9.551005292440971350e-02,-1.030003871787187192e-01,-1.078745274688582834e-01,-1.101624036966208642e-01,-1.098330860130184855e-01,-1.065868851464801814e-01,-9.947914494741152969e-02,-8.620218553101886838e-02,-6.222769983122895116e-02,-2.492913527263287965e-02
8.489295767251764380e-01,6.110180573348156230e-01,3.136471174301359160e-02,-5.640397412878627170e-01,-8.421078010334785979e-01,-6.500894029758695902e-01,-9.918193564642165116e-02,5.014122193213224055e-01,8.199497230962236038e-01,6.861963493059179964e-01,1.812085149685269958e-01,-4.138896995555181313e-01,-7.767923944849225437e-01,-7.192824577823166976e-01,-2.830018102151108383e-01,2.919427506046289311e-01,7.019731308434395967e-01,7.412199749405261606e-01,4.028014533414494558e-01,-1.283516725096406907e-01,-5.797639151476496888e-01,-7.325739692588025820e-01,-5.258747245376232948e-01,-7.566063433156816620e-02,3.933233643600970719e-01,6.618709805481788333e-01,6.179054391059731755e-01,2.990715416188760023e-01,-1.370310370558236457e-01,-4.933997238658647810e-01,-6.230842581515347867e-01,-4.871717809147811384e-01,-1.602192501324578022e-01,2.123213728932407118e-01,4.804762159771328589e-01,5.494863249917741888e-01,4.099551372040262098e-01,1.310198064303200183e-01,-1.750902781211898240e-01,-3.991836870333317910e-01,-4.731695374276276844e-01,-3.877198971698110341e-01,-1.869028473563088544e-01,5.418972958396806733e-02,2.581209119334137436e-01,3.694637131298969535e-01,3.678773856498601669e-01,2.681027590396227178e-01,1.096057362500511834e-01,-5.882995691866170496e-02,-1.939742307795499776e-01,-2.683911028879543692e-01,-2.742838523519077754e-01,-2.214157996317229204e-01,-1.310815808190703147e-01,-2.864769915333260572e-02,6.311214951152500918e-02,1.284647345567105914e-01,1.604685856826998935e-01,1.603393308324029543e-01,1.352180522090654091e-01,9.527460829155474931e-02,5.095599856934972943e-02,1.091775138574280907e-02,-1.913250779870614635e-02,-3.671184483843094315e-02,-4.216248038503394441e-02,-3.785175701281811439e-02,-2.723933110239854655e-02,-1.401997461533903769e-02,-1.469859385324068235e-03,7.953777002958109868e-03,1.277057870319265112e-02,1.244173539606308401e-02,7.206748951538414702e-03,-2.142980069510898398e-03,-1.450036424165954303e-02,-2.865134124717896510e-02,-4.343505892284242609e-02,-5.784806031370974544e-02,-7.109440593429694477e-02,-8.258852430476962270e-02,-9.191783544140846862e-02,-9.876727122441270046e-02,-1.027950572310733085e-01,-1.034206825072605668e-01,-9.942546694650369887e-02,-8.818263917122898254e-02,-6.473549007767015473e-02,-2.619888489059386816e-02
8.489295767251764380e-01,6.158130591333741410e-01,4.520535602333875663e-02,-5.484283081383638514e-01,-8.396296558772458063e-01,-6.714613393536493779e-01,-1.398488331204616741e-01,4.625833548196572886e-01,8.094670633250338199e-01,7.183915360065167288e-01,2.458229511586993987e-01,-3.496800525084188260e-01,-7.513197886108745616e-01,-7.535177165249036246e-01,-3.656527637113124451e-01,2.014625073876064876e-01,6.530386261607206144e-01,7.647915584070402728e-01,4.928026245149842444e-01,-1.415118580531555918e-02,-4.991189315859033138e-01,-7.290551399421869583e-01,-6.057669813176602691e-01,-2.036388541945145514e-01,2.774892893161062246e-01,6.141567866882936544e-01,6.630508315895294880e-01,4.188487945767945253e-01,4.845702982426027157e-03,-3.920102161639744676e-01,-6.067951579698227516e-01,-5.636081565562707230e-01,-2.978660524224416850e-01,6.957425084388693670e-02,3.894247318042504125e-01,5.449425300128769578e-01,4.923640718099602798e-01,2.683092058162453997e-01,-3.353500834910742162e-02,-3.029479105550471063e-01,-4.534554127610320728e-01,-4.481725239880324230e-01,-3.048109757720729451e-01,-8.191896930603607963e-02,1.456252563446783499e-01,3.119213888894109554e-01,3.780420022734249375e-01,3.386680442266337687e-01,2.177318199992759051e-01,5.667789381198679033e-02,-9.970312717531870650e-02,-2.153885375311051509e-01,-2.703717814544728815e-01,-2.622689459205310158e-01,-2.032205328276127654e-01,-1.140182198401969577e-01,-1.758910140138518485e-02,6.644157012500664927e-02,1.251216165451283502e-01,1.532566214225916101e-01,1.525821453188873356e-01,1.297249767234620599e-01,9.371955305995111063e-02,5.371607086646317669e-02,1.728607246338852155e-02,-1.051476171294697323e-02,-2.736827878954534166e-02,-3.336939332565867777e-02,-3.037671417968261164e-02,-2.125048607931541780e-02,-9.143118037031203182e-03,3.054781475622242448e-03,1.307015250663616686e-02,1.940968609371874348e-02,2.136348565103608765e-02,1.889910530827988711e-02,1.249586348086128423e-02,2.961938790397590591e-03,-8.734646569333434987e-03,-2.160201444942771998e-02,-3.471845294945868909e-02,-4.728264505320155936e-02,-5.862150543960552990e-02,-6.815541772216808514e-02,-7.531171065373098994e-02,-7.935416456606578239e-02,-7.904524213671147714e-02,-7.198651105316716814e-02,-5.382631635366162681e-02,-2.202154613137868519e-02
8.489295767251764380e-01,6.207007054866616746e-01,5.942535240457936380e-02,-5.320294300681096544e-01,-8.361437308556038950e-01,-6.922722821568768614e-01,-1.813282680850001605e-01,4.210632670897722640e-01,7.950849175382147527e-01,7.474871266832074923e-01,3.106219362854049648e-01,-2.806638118055467257e-01,-7.176424189473690207e-01,-7.800255932964869077e-01,-4.458795928152251564e-01,1.051391910554289877e-01,5.912198124505433361e-01,7.740933734663489885e-01,5.748274550128572580e-01,1.040177317591507722e-01,-4.024827701608160724e-01,-7.039336787899231895e-01,-6.687909552433048965e-01,-3.287786097719863632e-01,1.471637742027110396e-01,5.396023180021799481e-01,6.805337315794546260e-01,5.231125739811468556e-01,1.516861353159464909e-01,-2.656525699664800122e-01,-5.550216661001404761e-01,-6.086713247569033314e-01,-4.217963400857388523e-01,-8.378121852558143012e-02,2.665193143788165964e-01,4.989329517294030514e-01,5.392592740169688259e-01,3.894848455726301895e-01,1.176186831991754833e-01,-1.743568601781584071e-01,-3.894967730668894013e-01,-4.671886832488220676e-01,-3.974859022704166911e-01,-2.167794582446599394e-01,1.034802906603785738e-02,2.147366776584754000e-01,3.433893061426513960e-01,3.716771821321957492e-01,3.051878096290123743e-01,1.728746010134520616e-01,1.530566589246764968e-02,-1.277005813481513485e-01,-2.266308176348480752e-01,-2.672030182642202156e-01,-2.505212238333973107e-01,-1.895804541099738727e-01,-1.038661152901273615e-01,-1.379394063346946024e-02,6.369959318092333067e-02,1.177371494029041399e-01,1.441795565832863502e-01,1.447763604584597075e-01,1.253847388644183103e-01,9.387612091338010112e-02,5.823034028467889006e-02,2.512872829920077128e-02,-8.357666116261324926e-04,-1.736852322386868083e-02,-2.423775065946560253e-02,-2.276741768405310742e-02,-1.522589153301407740e-02,-4.242260622118122076e-03,7.664920489456837453e-03,1.840786156804750592e-02,2.649715104321897358e-02,3.107972037351008562e-02,3.188244719145359035e-02,2.909912782482625832e-02,2.325433653775110798e-02,1.506999965962823110e-02,5.351959683566741288e-03,-5.093731480423149827e-03,-1.551028688749825704e-02,-2.520275025067788416e-02,-3.350758021009531823e-02,-3.970029922999052802e-02,-4.279126536583115897e-02,-4.111559430315210595e-02,-3.183712080776506664e-02,-1.328619594667162195e-02
8.489295767251764380e-01,6.256755771186695014e-01,7.401513831648293129e-02,-5.148303298531612393e-01,-8.315772955231045538e-01,-7.123804047243131876e-01,-2.234689939739994136e-01,3.768821086830770883e-01,7.765746763966350219e-01,7.729651644853857695e-01,3.749716224895978667e-01,-2.072233923104639941e-01,-6.754951505174932036e-01,-7.977365897420370944e-01,-5.221095855080996051e-01,4.296603963670459804e-03,5.167003572460659999e-01,7.676502604528639973e-01,6.460361814098232180e-01,2.231272821857097355e-01,-2.914540374496388808e-01,-6.561306153896978577e-01,-7.110932482213612182e-01,-4.458093286439595571e-01,6.656168274759278330e-03,4.392079159335508520e-01,6.669288722652575441e-01,6.048707966131151581e-01,2.956226916540375393e-01,-1.195945894998091119e-01,-4.676980475304038376e-01,-6.162855150431815199e-01,-5.217904785800652201e-01,-2.371851761335517506e-01,1.183899044158878422e-01,4.111493532426475084e-01,5.429141558979827531e-01,4.817345085402249261e-01,2.648139743083342545e-01,-2.292770389704854722e-02,-2.832587215106020517e-01,-4.381699969343976764e-01,-4.515804131214330441e-01,-3.342932471935870509e-01,-1.337095603280354927e-01,8.564568124590433984e-02,2.631276133462808198e-01,3.580166371713041085e-01,3.570101880244312964e-01,2.728576073766699195e-01,1.364181513935269208e-01,-1.428997011277175107e-02,-1.445235086137352520e-01,-2.302063781572408485e-01,-2.611724947093377880e-01,-2.404798648517574577e-01,-1.809252925538430146e-01,-1.002615149248847343e-01,-1.651706148478999589e-02,5.558908934409726582e-02,1.066675356213062364e-01,1.331173489451794589e-01,1.363590404800257005e-01,1.213335757210379506e-01,9.476265063310083947e-02,6.356428864192016637e-02,3.366831642256237073e-02,9.325902711068945541e-03,-7.112717855781304499e-03,-1.505413308128718784e-02,-1.528503778014555364e-02,-9.493794484391294281e-03,2.039411455258992377e-04,1.166462619861126718e-02,2.300532589753170876e-02,3.277424932890116854e-02,4.001633692198570957e-02,4.425797860402255757e-02,4.543847929791640372e-02,4.381408979084493865e-02,3.985554267023294628e-02,3.415399444014271396e-02,2.734450026339270076e-02,2.005160678354211620e-02,1.285907686053523909e-02,6.306094310146223743e-03,9.171524361777871025e-04,-2.718979927262535692e-03,-3.848113765351970830e-03,-2.007800509356589581e-03
8.489295767251764380e-01,6.307321175704704297e-01,8.896434657497985510e-02,-4.968200412538523181e-01,-8.258586227623418985e-01,-7.316388104243073398e-01,-2.661025642052156082e-01,3.300988744440659928e-01,7.537337050680061878e-01,7.943029025602309501e-01,4.381759045129873242e-01,-1.298616215681338282e-01,-6.247463025782948876e-01,-8.056417522233498829e-01,-5.926705323815764093e-01,-9.945557050632940210e-02,4.300523582450997417e-01,7.442878564920445417e-01,7.035819755664152186e-01,3.397102035674524623e-01,-1.684203863803722667e-01,-5.853922357476405436e-01,-7.292440305816595414e-01,-5.491284215278234848e-01,-1.385839265484339611e-01,3.155676538669682785e-01,6.201830417754404801e-01,6.575582491925228146e-01,4.278467339287281290e-01,3.872679039652401206e-02,-3.474208550033447973e-01,-5.824435115882667935e-01,-5.881014173282643753e-01,-3.784870524354070342e-01,-4.501126734743506053e-02,2.852576948073498042e-01,4.987652101033449026e-01,5.332951510057092337e-01,3.927977656441086762e-01,1.376979847709620952e-01,-1.420578072831691629e-01,-3.593968737990455575e-01,-4.565193816104031188e-01,-4.180014082502587214e-01,-2.689723847106175736e-01,-6.171920843935292667e-02,1.430967968358661802e-01,2.941320127440832932e-01,3.612108780127947227e-01,3.393042095104883971e-01,2.452556807751228030e-01,1.096996156779985326e-01,-3.269570351864161534e-02,-1.518560339907854828e-01,-2.279802067538022059e-01,-2.536393784455131528e-01,-2.326906941632545522e-01,-1.770440853080724741e-01,-1.025344002101210988e-01,-2.500930048854528576e-02,4.261215204110400945e-02,9.197530122607584790e-02,1.196529221002489152e-01,1.265174387173071957e-01,1.165178588562821721e-01,9.525428989465094254e-02,6.866260485440403571e-02,4.200611878951392847e-02,1.925515832185471440e-02,2.842090828540334239e-03,-6.281036559065074874e-03,-8.382563733797971164e-03,-4.590203295451428245e-03,3.486378245574256289e-03,1.408962430454523303e-02,2.557107782701902726e-02,3.655996349652573807e-02,4.604839415857560347e-02,5.340811277634231052e-02,5.835784978629200009e-02,6.090020850284468684e-02,6.124395347896868791e-02,5.972284585018432929e-02,5.671631684270419388e-02,5.256981516761290857e-02,4.750117470796735852e-02,4.145845472008737737e-02,3.386716360866017655e-02,2.333420909848624158e-02,9.070973861742760019e-03
8.489295767251764380e-01,6.358646374705796411e-01,1.042617800094653574e-01,-4.779895891949130227e-01,-8.189174553139694224e-01,-7.498961294948421896e-01,-3.090432528321705452e-01,2.808035814894848103e-01,7.263907246518382932e-01,8.109803875930562400e-01,4.994816440157358595e-01,-4.920626878759132294e-02,-5.654180209529657830e-01,-8.028272482327935000e-01,-6.558254003803783982e-01,-2.042320044116539834e-01,3.322741196736349600e-01,7.032236046354867209e-01,7.447281921597875831e-01,4.499452057402261729e-01,-3.657181313832207764e-02,-4.924404219706809416e-01,-7.204992011816052644e-01,-6.330765757631340307e-01,-2.821123001326241719e-01,1.729763866347789614e-01,5.400059329284643272e-01,6.756072104131346512e-01,5.391357471444607752e-01,1.999270594560819958e-01,-1.997170796056306763e-01,-5.059669240847768368e-01,-6.124898444528670272e-01,-4.948741169550590624e-01,-2.108225987170951332e-01,1.292695793078050825e-01,4.065659525341964731e-01,5.350820957358709551e-01,4.861951801674306850e-01,2.906969063574189605e-01,2.133060842450022407e-02,-2.352842150445271230e-01,-4.066259768176056499e-01,-4.534976848809429972e-01,-3.762757286071461982e-01,-2.087558891006025819e-01,-3.750855437626284157e-03,1.838800128237378928e-01,3.115862545729518596e-01,3.575612183416504442e-01,3.223096834955055390e-01,2.244440810478208204e-01,9.304100311473836871e-02,-4.080513943436961388e-02,-1.510487374311945130e-01,-2.210811869980283673e-01,-2.451068940883966429e-01,-2.269530887177840794e-01,-1.772160479392068388e-01,-1.097654513021252970e-01,-3.848368775995407443e-02,2.517799164944924117e-02,7.357656315763666521e-02,1.032218223571589599e-01,1.143129828535101172e-01,1.097781775923645092e-01,9.412628475814155404e-02,7.236038906865584208e-02,4.911481909186136280e-02,2.808909583297291082e-02,1.177942311357699397e-02,1.459508905721221966e-03,-2.661911023868935352e-03,-1.183675901313847910e-03,4.777883574019345207e-03,1.386148874553147156e-02,2.468456506312247806e-02,3.600370132677817303e-02,4.681078309850116720e-02,5.637226845302575895e-02,6.422333999398471827e-02,7.012926500959097698e-02,7.402385212597023534e-02,7.592943010220294664e-02,7.585276278069119638e-02,7.363175551800028862e-02,6.866812318967208117e-02,5.942713699572182984e-02,4.284337529689066781e-02,1.714725338711826225e-02
8.489295767251764380e-01,6.410673191190928710e-01,1.198953883707663537e-01,-4.583321688496223012e-01,-8.106854971166135293e-01,-7.669972160019581375e-01,-3.520881758508502823e-01,2.291192535568103428e-01,6.944113277199718270e-01,8.224889708631045737e-01,5.580858526470874326e-01,3.398787045736199885e-02,-4.977054054339458689e-01,-7.885113217642543137e-01,-7.098147255722476734e-01,-3.078939689950948022e-01,2.248168375787507611e-01,6.441560646177093563e-01,7.669811332974506568e-01,5.497764288643801622e-01,1.001286119590434620e-01,-3.790928161492538861e-01,-6.830691612238237731e-01,-6.922711716616758437e-01,-4.167374731275897970e-01,1.742707039585027207e-02,4.281974919680320291e-01,6.550514896809279675e-01,6.205303066092747732e-01,3.531301558952584796e-01,-3.307557817005679635e-02,-3.891353821326760665e-01,-5.893236687036569332e-01,-5.740863673809222245e-01,-3.641319353345197074e-01,-4.454834582548904826e-02,2.712431815343055996e-01,4.823363695000214557e-01,5.314765173008231258e-01,4.177029639348455725e-01,1.893740585655414033e-01,-7.697315912421323625e-02,-3.029720056030654196e-01,-4.310990413230004203e-01,-4.376325523793795358e-01,-3.339582585198985210e-01,-1.580761418846960698e-01,3.943629038867311337e-02,2.101221789036566701e-01,3.190195019176103597e-01,3.505084184854984075e-01,3.083714149268150240e-01,2.113335709614494184e-01,8.616286080902982314e-02,-3.951215452992398042e-02,-1.429848312850031944e-01,-2.099234273543231777e-01,-2.353305277814164154e-01,-2.224351484743872509e-01,-1.802711011122647700e-01,-1.207627808009930775e-01,-5.601099984655481118e-02,3.764363294217794829e-03,5.142684719329446846e-02,8.329265734698057533e-02,9.883607870358987468e-02,9.996972763179588772e-02,9.014114677346071747e-02,7.344508433686192106e-02,5.388667091174026424e-02,3.486388270260885880e-02,1.888115019737621886e-02,7.466176605674048825e-03,1.240034686839460191e-03,8.390114857360946509e-05,3.350083679875142523e-03,1.007569276898422767e-02,1.917041990651967634e-02,2.956248213297271374e-02,4.029708988838508893e-02,5.058894880234599684e-02,5.983409017907444921e-02,6.758668789130910237e-02,7.350294961525352666e-02,7.724453875923573132e-02,7.831219128605360069e-02,7.573357238659257640e-02,6.746499535606832743e-02,4.967618032865248751e-02,2.013973275346443367e-02
8.489295767251764380e-01,6.463342213920081347e-01,1.358522477499417569e-01,-4.378433225076202584e-01,-8.010969274311480204e-01,-7.827839465729690138e-01,-3.950176321234915577e-01,1.752036551670520248e-01,6.577035386283078822e-01,8.283406817500148511e-01,6.131449322974377170e-01,1.188397662848625774e-01,-4.219935750703092681e-01,-7.620826999357525056e-01,-7.529063903080666087e-01,-4.080847831723337649e-01,1.095968720916368350e-01,5.673476206847589687e-01,7.682340226860279175e-01,6.350666542695755368e-01,2.370234900735973538e-01,-2.483382041305255417e-01,-6.163759646573998552e-01,-7.219846261991251790e-01,-5.348720266820757852e-01,-1.435263740446195146e-01,2.888667948795533569e-01,5.941127790668707664e-01,6.641269638440864265e-01,4.866664124216333320e-01,1.413198265029063094e-01,-2.380773798423479193e-01,-5.166214461772834499e-01,-6.058330619830245567e-01,-4.892799977814745183e-01,-2.203347901206359205e-01,1.032512892309239705e-01,3.760436125237195393e-01,5.191108332901377409e-01,5.010629425676125237e-01,3.413973378362337718e-01,9.803064615314657781e-02,-1.545369601458514985e-01,-3.483432727101961057e-01,-4.394701438435767993e-01,-4.160375508516132026e-01,-2.962897100884114288e-01,-1.192160344846539682e-01,6.834409201432492531e-02,2.240959761213696944e-01,3.191985446968446660e-01,3.422711279244533555e-01,2.986272512713488703e-01,2.059869816359649330e-01,8.844391412469430891e-02,-2.957842756787749938e-02,-1.280849723336882073e-01,-1.943043029908454178e-01,-2.234420438112830753e-01,-2.177617228345419265e-01,-1.846028727949175496e-01,-1.339887429423619880e-01,-7.637217991619653368e-02,-2.088543477646407492e-02,2.573948017725123660e-02,5.958325341533076552e-02,7.940454995467276234e-02,8.613620085117980330e-02,8.219829009728431279e-02,7.078705212199297436e-02,5.525311875759291586e-02,3.863321156184463395e-02,2.335580277622072848e-02,1.110890041099011315e-02,2.838394381864926992e-03,-1.162924625401236516e-03,-1.115211100540138998e-03,2.406060160997797789e-03,8.620028770626824571e-03,1.666640169034593402e-02,2.569882159489464413e-02,3.494260867993460862e-02,4.371662647214279857e-02,5.141818766316142569e-02,5.746334937798386333e-02,6.115719614623583988e-02,6.142864819342090665e-02,5.630819866465699985e-02,4.229913176180796763e-02,1.735364894895309942e-02
8.489295767251764380e-01,6.516592849710353130e-01,1.521185427346493368e-01,-4.165211130394687600e-01,-7.900889352935415166e-01,-7.970961213919799393e-01,-4.375956815741562922e-01,1.192507189342744550e-01,6.162233162454271440e-01,8.280783674355588486e-01,6.637860266882550375e-01,2.043462320851715808e-01,-3.388717903291045275e-01,-7.231392994863889978e-01,-7.834520591018417912e-01,-5.022792501125417086e-01,-1.100961046421843059e-02,4.736950540344107563e-01,7.469162705961390758e-01,7.017816745238841802e-01,3.688942120264493418e-01,-1.043526167437017899e-01,-5.212772954249316193e-01,-7.185474044483464162e-01,-6.289811734236088192e-01,-3.010583771213309334e-01,1.284973142316788719e-01,4.937070115957049588e-01,6.639310995024659823e-01,5.889927965557490985e-01,3.101961827758056844e-01,-6.281764739870054903e-02,-3.968938003635766321e-01,-5.832734706170115135e-01,-5.715401102706497705e-01,-3.799138219022395457e-01,-8.175758347182049413e-02,2.238439297630238356e-01,4.456063863663052294e-01,5.264936544585216982e-01,4.560732701829477986e-01,2.673656514056398925e-01,2.173017020517161932e-02,-2.117836576555689743e-01,-3.758222717091778131e-01,-4.377557954886635017e-01,-3.940505099338563744e-01,-2.665161913492968271e-01,-9.300106772091197571e-02,8.401483446681563827e-02,2.277154255156835505e-01,3.139291779331304100e-01,3.339056323680916760e-01,2.932022904876235292e-01,2.078156127166215228e-01,9.902808200353215018e-02,-1.164724189679866399e-02,-1.064200416955108919e-01,-1.735631982986888533e-01,-2.080950163747210813e-01,-2.111003989409370729e-01,-1.881708130196115825e-01,-1.474758285593291418e-01,-9.790170393091798817e-02,-4.755509155644398189e-02,-2.778676242593108685e-03,3.230585306708650545e-02,5.580523683868276325e-02,6.774040944458586955e-02,6.955090885343513663e-02,6.354329454487472884e-02,5.237846781780863825e-02,3.865724353873271901e-02,2.463052155163382786e-02,1.203439963356053681e-02,2.033221600768081970e-03,-4.755506711366392497e-03,-8.182749833137709441e-03,-8.462239075635404062e-03,-6.058632386941213872e-03,-1.584916075850579305e-03,4.281004854820242948e-03,1.085466367176814856e-02,1.747430138188219018e-02,2.349512844314566307e-02,2.823377871530897282e-02,3.082578530498063241e-02,2.992673748251871088e-02,2.334685256521882787e-02,9.786837762241032065e-03
8.489295767251764380e-01,6.570363379030725870e-01,1.686795515249567279e-01,-3.943662927102542515e-01,-7.776022714026413762e-01,-8.097724666516868952e-01,-4.795709765323095120e-01,6.149160819243734005e-02,5.699798844789203400e-01,8.212864694113185537e-01,7.091204852714336759e-01,2.893896536317048795e-01,-2.491437118318228505e-01,-6.715258680350025822e-01,-7.999491157763377602e-01,-5.878473239887197499e-01,-1.341925253656063022e-01,3.647820367791790308e-01,7.021405456106769583e-01,7.462005612768003449e-01,4.901504609390857081e-01,4.755699377537817713e-02,-4.002335328204047471e-01,-6.797485185149649833e-01,-6.921111015898354646e-01,-4.455201585061251968e-01,-4.418163681163581047e-02,3.578015851246271195e-01,6.166925340493720764e-01,6.497835982185781178e-01,4.591440922546163872e-01,1.231060694517865511e-01,-2.376257549112257839e-01,-5.043774083030649891e-01,-5.990295748390161990e-01,-5.046597682006966901e-01,-2.640683693632574491e-01,4.015892541341323924e-02,3.150713128004927754e-01,4.857878300026872154e-01,5.145750123712711233e-01,4.064940426634741089e-01,2.022505670977289560e-01,-3.753691056208435795e-02,-2.508133592348057439e-01,-3.898596934166851380e-01,-4.307442393203711473e-01,-3.752574265837441692e-01,-2.463320401520638636e-01,-7.938070460664382877e-02,8.754937620961798783e-02,2.222776443933622559e-01,3.040236636326020259e-01,3.254167484502709651e-01,2.913517263483754727e-01,2.156611744048030355e-01,1.167979134809857683e-01,1.362260489593696867e-02,-7.791557463610099266e-02,-1.468039506150234930e-01,-1.876554546863453410e-01,-2.002849006080704153e-01,-1.885394116739728954e-01,-1.587811499621046840e-01,-1.183679046351136799e-01,-7.437733292022014053e-02,-3.270764060349611035e-02,2.413579845721982794e-03,2.855537687776025374e-02,4.493122929313442954e-02,5.207118852865274400e-02,5.141530092690112241e-02,4.490639735512733099e-02,3.463587673633560654e-02,2.257183392864206550e-02,1.037847789431488310e-02,-6.790208078073134597e-04,-9.759111640847185215e-03,-1.641668530212256685e-02,-2.054309636351750457e-02,-2.229004426222994106e-02,-2.199040678624569756e-02,-2.008523044394695117e-02,-1.706250607280078435e-02,-1.341049738465871152e-02,-9.586517844652793149e-03,-6.001437968955380432e-03,-3.020615879181895187e-03,-9.747879336573956081e-04,-8.671300209968490894e-05
8.489295767251764380e-01,6.624591014923245647e-01,1.855196342240470753e-01,-3.713824660405564693e-01,-7.635818141090928712e-01,-8.206517362456392517e-01,-5.206778598303890560e-01,2.195357052942661751e-03,5.190407649093362608e-01,8.076022730793100957e-01,7.482593787473935665e-01,3.727496722795559658e-01,-1.538328669871328880e-01,-6.073690038314978334e-01,-8.011064872203078613e-01,-6.621315857601464128e-01,-2.567566304576582303e-01,2.429074899385254838e-01,6.338387797711566574e-01,7.651436881503893561e-01,5.950743904630908521e-01,2.010918279372529982e-01,-2.573936152230271723e-01,-6.052003242092306445e-01,-7.184679650786029992e-01,-5.670398790585235993e-01,-2.185466298460383705e-01,1.935540222771418850e-01,5.226294383391565379e-01,6.611054413145629471e-01,5.738820515332997418e-01,3.035079505730696736e-01,-5.125263846856939476e-02,-3.729497385031422807e-01,-5.646329391090352257e-01,-5.778081749664897293e-01,-4.218616021503825975e-01,-1.546774684787348142e-01,1.399113169092604803e-01,3.791059453635591825e-01,5.039837311261937680e-01,4.923469209136691616e-01,3.596578631614670285e-01,1.498523032367903851e-01,-7.972895147116294823e-02,-2.742935906001203739e-01,-3.942099658553651631e-01,-4.217829752144431898e-01,-3.616961173311036837e-01,-2.362898991237686874e-01,-7.783112042209185122e-02,7.985157779903097330e-02,2.083932155454764623e-01,2.893715185704447412e-01,3.158799835229721964e-01,2.915448329415278872e-01,2.277816830203514276e-01,1.402436919270096949e-01,4.532704922241661410e-02,-4.263971967758629217e-02,-1.131935579504671219e-01,-1.604695301826269127e-01,-1.830226570253231377e-01,-1.830103402774869437e-01,-1.650394801333980588e-01,-1.349510033746952609e-01,-9.874521329542171322e-02,-6.176885207458042426e-02,-2.820791625419116766e-02,-8.705150595221463087e-04,1.879415326195850444e-02,3.051219723822618315e-02,3.490933936813939154e-02,3.320566784779428737e-02,2.692765014784600716e-02,1.766715493249813168e-02,6.901802766793890820e-03,-4.121156134495379195e-03,-1.444349777843792829e-02,-2.340787310033970794e-02,-3.063507012940478932e-02,-3.597817747848027631e-02,-3.946271225109691111e-02,-4.121783695488813459e-02,-4.139761905876919446e-02,-4.008029300807119943e-02,-3.711212895023074249e-02,-3.183378350332351919e-02,-2.276131304808442710e-02,-9.057234076418852961e-03
8.489295767251764380e-01,6.679211965267545237e-01,2.026222245112117848e-01,-3.475762453672329721e-01,-7.479771457348148855e-01,-8.295739089701268387e-01,-5.606377404871114578e-01,-5.833096880060836820e-02,4.635363764437585576e-01,7.867274321369250867e-01,7.803309362208916689e-01,4.531190396440043511e-01,-5.418242444816741277e-02,-5.311078431431289770e-01,-7.859122766271960936e-01,-7.225373360936289124e-01,-3.751946923293177916e-01,1.110840048777114036e-01,5.428771677885051439e-01,7.562074579636216543e-01,6.781133339096555579e-01,3.491890128916279590e-01,-9.857697987657915162e-02,-4.966302087611699778e-01,-7.040068518478421744e-01,-6.562498974251078643e-01,-3.826672408285283211e-01,1.117081309757436518e-02,3.859364180122434318e-01,6.185585512101244854e-01,6.417472288549694870e-01,4.608981456717081704e-01,1.454822948632762958e-01,-1.990976911159634821e-01,-4.676575783696796385e-01,-5.869634820947159382e-01,-5.338781968700152536e-01,-3.363783577902997868e-01,-5.966468906424519936e-02,2.163418068766868041e-01,4.203803553510641056e-01,5.074721081529413036e-01,4.669528549588553568e-01,3.204228319920449097e-01,1.119185163074764289e-01,-1.057961029004763076e-01,-2.847038245945858748e-01,-3.915608866932443477e-01,-4.127830780816584832e-01,-3.540950505903927570e-01,-2.360950816918652162e-01,-8.756389621560457803e-02,6.156905034267055182e-02,1.860620563278314876e-01,2.690842358955554126e-01,3.035724874154573927e-01,2.915134922128554962e-01,2.417799421541911298e-01,1.672681422707920917e-01,8.202042692723332529e-02,-1.163424740037377440e-03,-7.234609058372630519e-02,-1.252361815194953654e-01,-1.572299006538926680e-01,-1.689029297561600584e-01,-1.631793967050352845e-01,-1.443904651152077834e-01,-1.173898800694198746e-01,-8.683549346874773478e-02,-5.668850928824921420e-02,-2.993505988320561625e-02,-8.501984196121477322e-03,6.679334956668191159e-03,1.551271502869224286e-02,1.852857302808263648e-02,1.666607901757046623e-02,1.107396472003465727e-02,2.946842576796798556e-03,-6.595501257609443467e-03,-1.658537786615684601e-02,-2.624499806789730785e-02,-3.499075148843436983e-02,-4.240955369285652476e-02,-4.820986982464886550e-02,-5.214290059298777591e-02,-5.387378880919440477e-02,-5.274952781510247601e-02,-4.736446440949896447e-02,-3.504399955163490371e-02,-1.424400004157970467e-02
8.489295767251764380e-01,6.734161498392561285e-01,2.199698248948706580e-01,-3.229573977196417145e-01,-7.307431350253444924e-01,-8.363814758995451459e-01,-5.991607545283423875e-01,-1.197426446994003940e-01,4.036640596739219933e-01,7.584395356438318192e-01,8.044996983952426017e-01,5.291237540438341602e-01,4.835155268859512440e-02,-4.435186011810443030e-01,-7.537006860236622474e-01,-7.666332598764333817e-01,-4.857855227201972048e-01,-2.699878014009267704e-02,4.311396349481660395e-01,7.179919841660552526e-01,7.342099701987147009e-01,4.843381166004271376e-01,6.886707711501806328e-02,-3.580602587497465072e-01,-6.469799881161645283e-01,-7.050977698613233313e-01,-5.241178592884386811e-01,-1.765568829027161779e-01,2.149740898713563275e-01,5.222419935268236557e-01,6.532761536380512490e-01,5.782351716462376112e-01,3.328373164005108409e-01,1.050483646345790750e-03,-3.149132292983342629e-01,-5.264563016778556204e-01,-5.825188913402322699e-01,-4.796744531914493015e-01,-2.575234882877174281e-01,1.709222096769085625e-02,2.709578422677939580e-01,4.439880749992336506e-01,5.024420241867434411e-01,4.435096905140283874e-01,2.916226253157294113e-01,8.888551542164982444e-02,-1.169831517947243216e-01,-2.838955357666940182e-01,-3.834029104614814498e-01,-4.043195716548259599e-01,-3.520645236545564827e-01,-2.447544858612029917e-01,-1.075528493579643585e-01,3.320075935566705466e-02,1.548726959076595078e-01,2.417148264193433871e-01,2.861403971302280413e-01,2.883136185893213077e-01,2.545326731715618074e-01,1.949829944531087655e-01,1.213980637994580142e-01,4.503667381107009232e-02,-2.478022938500378317e-02,-8.149083332805269475e-02,-1.215173254232535943e-01,-1.440217166240781443e-01,-1.503560796769440322e-01,-1.433692447086913069e-01,-1.267053787065778869e-01,-1.041906362588087970e-01,-7.936268256789145992e-02,-5.516160159918582356e-02,-3.377341058757259151e-02,-1.660019249412029302e-02,-4.322839551197779455e-03,2.978425617115458817e-03,5.676598505623350194e-03,4.447803405649573133e-03,1.355548342628193597e-04,-6.360404067324733519e-03,-1.416588047574535505e-02,-2.248345296938632221e-02,-3.061346972073032691e-02,-3.794393477403670140e-02,-4.390273096789541751e-02,-4.785104081496659861e-02,-4.886415979575923357e-02,-4.530020118061572204e-02,-3.428045371748535824e-02,-1.412206585755743614e-02
8.489295767251764380e-01,6.789374012025491956e-01,2.375440057319791465e-01,-2.975389816004206378e-01,-7.118405211265494970e-01,-8.409208109210501991e-01,-6.359477147206166192e-01,-1.816582430087906874e-01,3.396913790703105507e-01,7.226034538900608650e-01,8.199871010313339870e-01,5.993474606598016008e-01,1.521140863716337333e-01,-3.457311154459989933e-01,-7.042153128580220800e-01,-7.922597156686154163e-01,-5.847160446381320931e-01,-1.670497841543599482e-01,3.015692957804818053e-01,6.503057599989997550e-01,7.591537749212801112e-01,5.989791956466948841e-01,2.363345027482691152e-01,-1.958380617055141826e-01,-5.483863681922938049e-01,-7.076792006637731003e-01,-6.309761206217414653e-01,-3.550560552159557903e-01,2.205293400805905316e-02,3.773899333597264816e-01,6.036939159021177392e-01,6.409403440115271078e-01,4.900094719864102610e-01,2.064970493886082170e-01,-1.209242266454630815e-01,-3.991410683314188801e-01,-5.569601012190308342e-01,-5.620095021299286175e-01,-4.248477206343037604e-01,-1.910842766976572071e-01,7.451642721545173598e-02,3.065019457031851746e-01,4.546141373604541402e-01,4.935453328803758311e-01,4.252455394693172019e-01,2.745608196169532222e-01,8.044678802375780646e-02,-1.144038681930839157e-01,-2.729026667335690548e-01,-3.700485931822784513e-01,-3.957574131550456453e-01,-3.542095550788396108e-01,-2.605866898418376376e-01,-1.364052412287083127e-01,-4.652591134825484302e-03,1.143200977249840128e-01,2.055745453804617429e-01,2.608512600545346838e-01,2.784675308650548797e-01,2.621983668213763718e-01,2.195766993036121772e-01,1.600316000458783250e-01,9.319657523397240073e-02,2.760089789189725668e-02,-3.016329468426954749e-02,-7.580530599484110177e-02,-1.073074911161630840e-01,-1.246159420442757154e-01,-1.291696178952659591e-01,-1.233745370708051320e-01,-1.101051957292533134e-01,-9.228685192714349006e-02,-7.258537587704391725e-02,-5.320945743223105817e-02,-3.581454259129602385e-02,-2.148890323484130629e-02,-1.079874469520336958e-02,-3.869792899150611976e-03,-4.858756915749761385e-04,-1.892890893875903572e-04,-2.372163678870892710e-03,-6.351840895161902159e-03,-1.142582904072668611e-02,-1.690256069501766198e-02,-2.210164101909216361e-02,-2.630854906235124274e-02,-2.864780662563072566e-02,-2.780890642236071367e-02,-2.170802898976264411e-02,-9.105102172146797151e-03
8.489295767251764380e-01,6.844783105553954305e-01,2.553254081871553227e-01,-2.713374722446467158e-01,-6.912364940897158805e-01,-8.430436156849521190e-01,-6.706923487411787788e-01,-2.436612169830781049e-01,2.719585547543825199e-01,6.791821707494737348e-01,8.260931204158981078e-01,6.623599496025033284e-01,2.552730401574266894e-01,-2.392355836095697297e-01,-6.376655898788553545e-01,-7.976408009945273880e-01,-6.682250419118048734e-01,-3.042933342885642545e-01,1.581582424493596928e-01,5.543299125155244367e-01,7.499327416129787371e-01,6.859669663235634651e-01,3.943784895612948982e-01,-1.848809292222241760e-02,-4.122625291414693249e-01,-6.610153931368255575e-01,-6.929404835655302852e-01,-5.090917332604603107e-01,-1.772446934216467540e-01,1.945342347054338783e-01,4.941009418590249780e-01,6.389553345016555364e-01,5.975553258235294374e-01,3.934086043397228560e-01,9.294333208277710812e-02,-2.172213393392580794e-01,-4.557610449353538540e-01,-5.674659529307375383e-01,-5.344418007367008894e-01,-3.761677272870875832e-01,-1.401196755070242828e-01,1.131561200582362620e-01,3.259006004077716900e-01,4.559198383727324222e-01,4.837816552754027333e-01,4.137536883243090324e-01,2.694135976767758067e-01,8.590201932768917747e-02,-9.886191478160596957e-02,-2.519448452632005453e-01,-3.507504660958250531e-01,-3.853808260006599262e-01,-3.581757905464995062e-01,-2.811268868781983676e-01,-1.721150812358370197e-01,-5.091973079151308063e-02,6.424263684456903156e-02,1.591765910214641422e-01,2.249886762714777277e-01,2.582664295717269076e-01,2.603986372291713369e-01,2.363578376557632921e-01,1.932665708976076535e-01,1.390150511965561608e-01,8.111569641888022320e-02,2.589210958119315606e-02,-2.197685623818087033e-02,-5.959419562563750966e-02,-8.573329979781925403e-02,-1.005614415980400772e-01,-1.052787704732289498e-01,-1.017400936297318398e-01,-9.210843249785420628e-02,-7.857037112331521911e-02,-6.312646494545197384e-02,-4.745701508598513391e-02,-3.285479556497000048e-02,-2.021154229251140300e-02,-1.004342586084833525e-02,-2.541414708096901946e-03,2.365514435718981713e-03,4.943729058891030079e-03,5.591674290190400826e-03,4.784739396616002720e-03,3.031914740325196683e-03,8.483932632909903758e-04,-1.248589163303771800e-03,-2.708409399315568622e-03,-2.896410321632144833e-03,-1.403772719494973979e-03
8.489295767251764380e-01,6.900321655562585699e-01,2.732937512900944776e-01,-2.443728739282658158e-01,-6.689052665521191265e-01,-8.426084284708440508e-01,-7.030838206177864036e-01,-3.053021495768529769e-01,2.008798778263293783e-01,6.282467865202453483e-01,8.222185304985738519e-01,7.167494219038348380e-01,3.558489800923075319e-01,-1.258778237855550652e-01,-5.547729343467342478e-01,-7.814954963442193314e-01,-7.327646011414622462e-01,-4.336273794602371057e-01,5.877689778489288835e-03,4.327242780411130196e-01,7.050602703421554596e-01,7.390771063440426669e-01,5.332490482200393789e-01,1.636359912670636574e-01,-2.457577539757770380e-01,-5.656868084563759780e-01,-7.024713489034964953e-01,-6.241395506293988538e-01,-3.652141118723874480e-01,-1.092018828779627200e-02,3.321412109180785222e-01,5.685673789824717828e-01,6.400425456774355704e-01,5.379041344289627880e-01,3.005250975251565482e-01,-1.763122647045441962e-03,-2.884038655294447473e-01,-4.902615441398400775e-01,-5.655230913743229948e-01,-5.066322415204612684e-01,-3.378952489905829859e-01,-1.058270235425328026e-01,1.342532117025560245e-01,3.315910693118955255e-01,4.502594743856417336e-01,4.745560039119213758e-01,4.092333018653517285e-01,2.754766033041435858e-01,1.042843281709806974e-01,-7.088560378655880956e-02,-2.205885240497696687e-01,-3.239048676532304549e-01,-3.705452305022857162e-01,-3.606744183179572127e-01,-3.029854851455128228e-01,-2.117538619786565324e-01,-1.036097197803445696e-01,5.365833828972754564e-03,1.018236674676420983e-01,1.764352184273008106e-01,2.243062205218259442e-01,2.446710086221000890e-01,2.400944371019599899e-01,2.154223516248135184e-01,1.766927935480120115e-01,1.301665279066891445e-01,8.157350593340471911e-02,3.561404470726558386e-02,-4.292424362399878748e-03,-3.604898008157689238e-02,-5.876707377681671118e-02,-7.255405673392820165e-02,-7.825455954888925481e-02,-7.718752910284037982e-02,-7.090836208374214078e-02,-6.101356457637030495e-02,-4.899518711451759240e-02,-3.614463540779102452e-02,-2.350045349720551041e-02,-1.183205122935174387e-02,-1.650641265726406808e-03,6.760633493482788754e-03,1.330365630313551026e-02,1.801300091728048197e-02,2.099391771380312161e-02,2.234318931384015466e-02,2.203160110798640589e-02,1.970812300158451130e-02,1.447485962193903637e-02,5.846818066690263709e-03
8.489295767251764380e-01,6.955921894590600951e-01,2.914278432334427293e-01,-2.166688179068511355e-01,-6.448286309212456491e-01,-8.394821847133028259e-01,-7.328095251913294694e-01,-3.661016954016870772e-01,1.269439694949261177e-01,5.699853577704313556e-01,8.078872427873268203e-01,7.611580170963249126e-01,4.517532016194208411e-01,-7.841622604836574403e-03,-4.568031141142118723e-01,-7.431424605770556857e-01,-7.751735555939948119e-01,-5.498206147052654424e-01,-1.494568873418971877e-01,2.896585162688513626e-01,6.248493336528809783e-01,7.535224932578790114e-01,6.435374189804149436e-01,3.389025133729355876e-01,-5.894763673870079962e-02,-4.262328474216389163e-01,-6.558373372809944701e-01,-6.879019510062758247e-01,-5.236003212006870022e-01,-2.197657017334693208e-01,1.319623073895040410e-01,4.337001186885300341e-01,6.085863803912002767e-01,6.193158149098866305e-01,4.739763755097130549e-01,2.192864877747584262e-01,-7.527748474037877779e-02,-3.370852276298553218e-01,-5.081808708243577000e-01,-5.571731423517692905e-01,-4.832067623861597272e-01,-3.123206003060957081e-01,-8.827864903482905701e-02,1.391127506099757161e-01,3.251663028278368728e-01,4.386145380995734033e-01,4.658009199341854867e-01,4.106525736955140005e-01,2.912424090195746551e-01,1.342862821996919920e-01,-3.094875532153623307e-02,-1.780553652105165419e-01,-2.873618062464216583e-01,-3.479038932286950270e-01,-3.575619651657754305e-01,-3.217469092488395299e-01,-2.511825364112741932e-01,-1.593527510487100785e-01,-6.009614587794426949e-02,3.431637553419419895e-02,1.144496476524469175e-01,1.742941882260523878e-01,2.112643495377718450e-01,2.257560312603392738e-01,2.204380159439486286e-01,1.994405157258465622e-01,1.675727332227266164e-01,1.296597243899559326e-01,9.004700417518189670e-02,5.228551800098787949e-02,1.898311966667355979e-02,-8.207683340196057428e-03,-2.850324204968851874e-02,-4.184125585033873079e-02,-4.870540094317394458e-02,-4.994814343970093579e-02,-4.662989836599885918e-02,-3.988530761398799418e-02,-3.082127997912186348e-02,-2.044691286038157960e-02,-9.632562387953132188e-03,9.059221576394364209e-04,1.060145582050647968e-02,1.900992534041088394e-02,2.576059798152158242e-02,3.046764605295823256e-02,3.256385786021108453e-02,3.098499444743536488e-02,2.379121709917903990e-02,9.872917677559985700e-03
8.489295767251764380e-01,7.011515493041665659e-01,3.097055970352249887e-01,-1.882526445899536938e-01,-6.189964961173750613e-01,-8.335418152052317398e-01,-7.595581399485699103e-01,-4.255542334596822407e-01,5.071275489670401537e-02,5.047102308557658290e-01,7.827681284957105357e-01,7.943199130398203023e-01,5.408336747629105545e-01,1.123829188420193553e-01,-3.455814538098287980e-01,-6.825925061700238716e-01,-7.928555923728541899e-01,-6.477431827115144314e-01,-3.013874775861197786e-01,1.307540029911356261e-01,5.116050875408342247e-01,7.264402668376381822e-01,7.168886065013485576e-01,4.951416686841087489e-01,1.356419091473783090e-01,-2.512346767349744603e-01,-5.539352951523859314e-01,-6.918185903132114678e-01,-6.354776640449975034e-01,-4.106895926227044913e-01,-8.666007112706691773e-02,2.463841121342932317e-01,5.028677189914010359e-01,6.234996438782639538e-01,5.876585622216748961e-01,4.145260968478223229e-01,1.541987834393712398e-01,-1.276033181674306738e-01,-3.665650496063945218e-01,-5.141972452270336946e-01,-5.466589655350441168e-01,-4.668313140433841824e-01,-3.002680924275836216e-01,-8.693464267568354331e-02,1.287646772915629345e-01,3.072689850329590189e-01,4.206664666570051336e-01,4.561116105475526150e-01,4.158239951519032696e-01,3.143313414099795366e-01,1.740195642066674486e-01,2.014631915672418852e-02,-1.236817942958016586e-01,-2.388801142601719441e-01,-3.137823357718760309e-01,-3.440742505203964186e-01,-3.320240856172136379e-01,-2.849065234817971248e-01,-2.130503907856522994e-01,-1.278912725553699448e-01,-4.031153986135849188e-02,4.056719641227055778e-02,1.080851375700722233e-01,1.582727983668657523e-01,1.896985792580810348e-01,2.030543939261824082e-01,2.006003981105574929e-01,1.855741311680745576e-01,1.616437517848246519e-01,1.324563820358238830e-01,1.013059271863653438e-01,7.092318236711492307e-02,4.337586313605369670e-02,2.005734172994399697e-02,1.739403654555049744e-03,-1.133509236253453858e-02,-1.934059131085702141e-02,-2.275468364276318767e-02,-2.225299189956208082e-02,-1.862019920983806406e-02,-1.268064090148092807e-02,-5.249295688087169016e-03,2.897192942441464535e-03,1.102908964798136361e-02,1.844726426467670904e-02,2.442677344090031510e-02,2.808126671269341873e-02,2.807622063064857398e-02,2.227370281429881874e-02,9.418019147209138672e-03
8.489295767251764380e-01,7.067033644161951900e-01,3.281040506702442294e-01,-1.591554685951923620e-01,-5.914073977085813061e-01,-8.246758663339005535e-01,-7.830229129198185145e-01,-4.831322361768359830e-01,-2.718096225248326989e-02,4.328635249197520518e-01,7.466956615140877274e-01,8.151011257112242836e-01,6.209283139705599197e-01,2.320456792509257848e-01,-2.234878184622538511e-01,-6.006224931144124035e-01,-7.839532106998552408e-01,-7.226225799850151121e-01,-4.430796598643012008e-01,-3.707359208901522124e-02,3.697084805548521147e-01,6.573059417007303118e-01,7.467321225195570067e-01,6.205379125279848473e-01,3.238029225920434628e-01,-5.301775795574262956e-02,-4.027533973939870227e-01,-6.323921169436930168e-01,-6.872580209078540392e-01,-5.624889051193505685e-01,-3.000638149036725655e-01,2.618795268465920131e-02,3.322278999668806243e-01,5.456737175052749356e-01,6.222852111782678497e-01,5.536435685100519200e-01,3.653223216008606444e-01,1.073126109588224131e-01,-1.599231140778796245e-01,-3.798915730102682131e-01,-5.116504686990556161e-01,-5.364055106531184780e-01,-4.584910492406897298e-01,-3.014562811687088173e-01,-1.009050269590322235e-01,1.038860529833118690e-01,2.776841157745703059e-01,3.949737019253497516e-01,4.428945112019131991e-01,4.214260976541922554e-01,3.413292821661178533e-01,2.206607753861603016e-01,8.075637351301566402e-02,-5.752943210624132664e-02,-1.767653428072747668e-01,-2.647752537600668865e-01,-3.153226622094255083e-01,-3.278049395238746833e-01,-3.062327761901831313e-01,-2.578114698696344909e-01,-1.914199853010541685e-01,-1.162220130340295698e-01,-4.056252682277823596e-02,2.877788167161837024e-02,8.696739906216791050e-02,1.311921027148978125e-01,1.604843316191569835e-01,1.753946928848529596e-01,1.775875814782636175e-01,1.694263921297022024e-01,1.535965235879809543e-01,1.327956782423120874e-01,1.095044896475368401e-01,8.583762179081172450e-02,6.346664544794938800e-02,4.360097192127158211e-02,2.701125654824982833e-02,1.408014127266944693e-02,4.867157920036353953e-03,-8.226548854355505373e-04,-3.373917183954694508e-03,-3.304600853246588820e-03,-1.220816515054328399e-03,2.215828143413128143e-03,6.305761430404167173e-03,1.030582475441688128e-02,1.337833315151455531e-02,1.445203144803723118e-02,1.203975743231984301e-02,5.231582179118857145e-03
8.489295767251764380e-01,7.122407151987074636e-01,3.465993917536951407e-01,-1.294122253802960365e-01,-5.620689751114945620e-01,-8.127861251388088792e-01,-8.029051595301652799e-01,-5.382913467242148586e-01,-1.060374180306831171e-01,3.550204295474648220e-01,6.996886743443493373e-01,8.225399615696570299e-01,6.899246073419528225e-01,3.481975364475307644e-01,-9.342884058529814240e-02,-4.988244095763676444e-01,-7.475075553553272023e-01,-7.703133966919651909e-01,-5.676457561128136486e-01,-2.058753573604364673e-01,2.055674831646740475e-01,5.482293484270374107e-01,7.289702037380354493e-01,7.046165682034160049e-01,4.906779061889056659e-01,1.530582109549806780e-01,-2.133645130607410567e-01,-5.121390718730833846e-01,-6.705955778482922680e-01,-6.565967156760220691e-01,-4.832154718830594664e-01,-2.014903028700750220e-01,1.155043114165373169e-01,3.922349124539856180e-01,5.686650050779700205e-01,6.124671455703094569e-01,5.233690541828522891e-01,3.297133557274191107e-01,7.912775013157599679e-02,-1.737424742665408806e-01,-3.793085567097402855e-01,-5.023606234490806122e-01,-5.271235001702405665e-01,-4.577116122433141365e-01,-3.146713828715524408e-01,-1.289711543261187199e-01,6.495144284463127970e-02,2.356070968299698865e-01,3.592606412938573746e-01,4.225734311772532670e-01,4.230447492881956317e-01,3.676186837165582588e-01,2.700650416396120357e-01,1.478172138796633450e-01,1.888502536334296308e-02,-1.006957625369715587e-01,-1.986114318870985662e-01,-2.671401429287741380e-01,-3.032213219124692549e-01,-3.079028940283367044e-01,-2.853905218584367187e-01,-2.419221665791514708e-01,-1.846572591145033138e-01,-1.207175067998348256e-01,-5.645922998200585824e-02,2.994860708791559530e-03,5.397728697672532494e-02,9.429074493821318348e-02,1.230700904559755421e-01,1.405478510491481869e-01,1.477745663674690790e-01,1.463353484787981162e-01,1.380922176228170095e-01,1.249701369905236725e-01,1.087946237238431035e-01,9.118105609997677330e-02,7.347049678264308548e-02,5.670381117070492222e-02,4.162467514123444068e-02,2.870226175387067397e-02,1.816551835088073275e-02,1.004262162137314375e-02,4.201158897793004846e-03,3.866437122623597603e-04,-1.741033344679578185e-03,-2.571936598525536785e-03,-2.508940968760549946e-03,-1.927204360970149240e-03,-1.133670320345691197e-03,-3.705046239474157769e-04
8.489295767251764380e-01,7.177566522142857508e-01,3.651669868375162498e-01,-9.906169822108319700e-02,-5.309984094372603991e-01,-7.977892305473159862e-01,-8.189179354390682120e-01,-5.904761418313716481e-01,-1.850953688267355512e-01,2.718900028443552164e-01,6.419664909681896958e-01,8.158869164716788802e-01,7.458242562456572911e-01,4.577655551084183760e-01,4.121439442465153757e-02,-3.796238100680035532e-01,-6.835934331453062951e-01,-7.875667971358825126e-01,-6.685123934936245682e-01,-3.670309362652932617e-01,2.741947264354542557e-02,4.040897657785005315e-01,6.625560263788629056e-01,7.392462895210359930e-01,6.219947682457648286e-01,3.497126765683067906e-01,-1.373231117985193594e-03,-3.399879938023008252e-01,-5.839257274099909356e-01,-6.796291263254523596e-01,-6.127700780543789971e-01,-4.082095170620025359e-01,-1.205852969598332214e-01,1.810733634453690621e-01,4.303181640124136842e-01,5.776925435697773947e-01,5.996371036943594079e-01,5.006568704448411955e-01,3.092342932568080682e-01,6.928538592975191923e-02,-1.703656787617694734e-01,-3.660111558177768232e-01,-4.866360162926307020e-01,-5.179484260843615351e-01,-4.626821348360359853e-01,-3.377591904477768026e-01,-1.693962915998350194e-01,1.258470212853208745e-02,1.800869290425078650e-01,3.108565177039060434e-01,3.909298488508616831e-01,4.153402097394721659e-01,3.873252467285873135e-01,3.164721282795484592e-01,2.163107545282458299e-01,1.018348814712052713e-01,-1.267098959081909212e-02,-1.152583174804376054e-01,-1.972941403770037128e-01,-2.538118937123999275e-01,-2.833363377562435614e-01,-2.873320759416296277e-01,-2.694372877126964272e-01,-2.346301070384309018e-01,-1.884443571430113318e-01,-1.363134712685797889e-01,-8.308394314823433491e-02,-3.270768720885774972e-02,1.190105914111466018e-02,4.887354118582415419e-02,7.729507974399635328e-02,9.705096858098857804e-02,1.086422241811816763e-01,1.129972701982088629e-01,1.112982757131710937e-01,1.048337798725300224e-01,9.488316669650469215e-02,8.263386613832283956e-02,6.912892408426749014e-02,5.524068394332123239e-02,4.166552982444737818e-02,2.893470518563939081e-02,1.743695240198894075e-02,7.450137186997671593e-03,-8.183135574241854606e-04,-7.176588091315359158e-03,-1.136092892420960919e-02,-1.287795076093402671e-02,-1.081451896819648692e-02,-4.688850941141390997e-03
8.489295767251764380e-01,7.232442055369650014e-01,3.837814153560433761e-01,-6.814652438892036812e-02,-4.982228155411247972e-01,-7.796182508797336874e-01,-8.307898466203093024e-01,-6.391265414977930215e-01,-2.635391738010746110e-01,1.843131882947595390e-01,5.739616942699971025e-01,7.946426821102309246e-01,7.868110970806198035e-01,5.576410760762037233e-01,1.766640281638041376e-01,-2.462625962446994277e-01,-5.934186819541374946e-01,-7.722834611266811145e-01,-7.398146717972452491e-01,-5.116999302656101145e-01,-1.550220310710433425e-01,2.324747796240992648e-01,5.498933541320438767e-01,7.195636244850102115e-01,7.054091727368099196e-01,5.192029166147453800e-01,2.142063458520225838e-01,-1.309865104605550112e-01,-4.333774307952723004e-01,-6.256043907492682132e-01,-6.703196077609816506e-01,-5.661011510268559865e-01,-3.444920913246641847e-01,-5.992181371239536231e-02,2.243106749715466919e-01,4.503526734043327151e-01,5.772336726687957720e-01,5.873563670665178371e-01,4.873742142905110319e-01,3.040948521564605378e-01,7.698963264297924158e-02,-1.506758362650490735e-01,-3.401436919173931872e-01,-4.634089084565504724e-01,-5.065882887836561377e-01,-4.702945442184501834e-01,-3.674782841219798590e-01,-2.195732998660903934e-01,-5.191744839353346769e-02,1.106501159288419689e-01,2.473327792411092185e-01,3.436684084973712361e-01,3.924675082003123983e-01,3.935358555830433813e-01,3.524796902907922913e-01,2.789639327911132005e-01,1.847892628915701885e-01,8.209321570300137649e-02,-1.811144436082951295e-02,-1.069478319422382390e-01,-1.782125789330172017e-01,-2.284864878166878444e-01,-2.569087395643020466e-01,-2.647246506526750309e-01,-2.547161591760196964e-01,-2.306092058345997342e-01,-1.965292668096114692e-01,-1.565509827763140738e-01,-1.143642181945587616e-01,-7.305954063328905235e-02,-3.502218521370009663e-02,-1.915112892145196758e-03,2.527190871960172808e-02,4.613026256817192444e-02,6.071803373318029884e-02,6.943982514177994558e-02,7.293314890816697538e-02,7.196953926758531406e-02,6.737498315578133168e-02,5.997154489677634231e-02,5.054022375384690374e-02,3.980405954994635509e-02,2.843015185339308262e-02,1.704947478029978161e-02,6.294452231986983302e-03,-3.141911112979372221e-03,-1.040930903001090028e-02,-1.432662261843227307e-02,-1.318673004305605939e-02,-5.982614936294738603e-03
8.489295767251764380e-01,7.286963943624472639e-01,4.024165082322120890e-01,-3.671317948271408255e-02,-4.637795818917703206e-01,-7.582242066566624583e-01,-8.382689523508555229e-01,-6.836848104804904569e-01,-3.405074855145275858e-01,9.325781372568452132e-02,4.963288042559246827e-01,7.585928229240668230e-01,8.113202210735416253e-01,6.447786892823377247e-01,3.088481458924424716e-01,-1.027423681302477437e-01,-4.793776119900529098e-01,-7.237323197814559128e-01,-7.767944389430383456e-01,-6.313430031205162773e-01,-3.310710765945922285e-01,4.339933381776049648e-02,3.969949021030247938e-01,6.447180390075696321e-01,7.318309106155947985e-01,6.450190335608122494e-01,4.125975296905632361e-01,9.475364726488802458e-02,-2.328393166817923909e-01,-4.974705519497182871e-01,-6.453787069186386338e-01,-6.518830551253766981e-01,-5.240503521230234218e-01,-2.962024742421108248e-01,-2.013624994499605553e-02,2.471668254171705825e-01,4.554191397429418475e-01,5.700948218966710446e-01,5.772453770588106270e-01,4.837249432781201564e-01,3.134699816140966711e-01,1.011532906946282229e-01,-1.151832044240253677e-01,-3.010001305383649961e-01,-4.304868880720647550e-01,-4.895073973394894473e-01,-4.761608823698157411e-01,-3.992936521824831386e-01,-2.755846739864395989e-01,-1.259422658548071672e-01,2.808976300010383731e-02,1.673676591988048357e-01,2.772832448323599430e-01,3.488726473402706807e-01,3.789558144550735364e-01,3.694951401516369249e-01,3.264310812581518451e-01,2.582658142627806130e-01,1.746356381563659577e-01,8.505536194222271251e-02,-2.050570125100975409e-03,-7.998174496715573789e-02,-1.440668107451496260e-01,-1.916855777828948282e-01,-2.220762234823525083e-01,-2.360029840019650937e-01,-2.353555167730173037e-01,-2.227393717269870455e-01,-2.011015143646954217e-01,-1.734187119237789454e-01,-1.424620303957034595e-01,-1.106389851501974469e-01,-7.990654388911737349e-02,-5.174310905104710645e-02,-2.716533960546383894e-02,-6.775551308819825931e-03,9.173240838066445274e-03,2.070544833929221368e-02,2.805262037676136896e-02,3.159090234809169145e-02,3.179056825190344771e-02,2.918070870896085842e-02,2.433156105028901756e-02,1.785693432938386185e-02,1.043945614609450255e-02,2.881865057413711753e-03,-3.810121305438515706e-03,-8.302709168702513895e-03,-8.835882301994019833e-03,-4.265106765910357117e-03
8.489295767251764380e-01,7.341062368600254073e-01,4.210453911292271756e-01,-4.811938987732508610e-03,-4.277166520174571773e-01,-7.335775169230692727e-01,-8.411267115297735852e-01,-7.236030795178260977e-01,-4.151035176141879557e-01,-1.896069407273149080e-04,4.099481894388601333e-01,7.078376324268936814e-01,8.181058961147327224e-01,7.163033140403782806e-01,4.335268971277239092e-01,4.627376596909758139e-02,-3.450495551436816299e-01,-6.427170803317387993e-01,-7.761764624395908196e-01,-7.182842043185183600e-01,-4.897046110158490007e-01,-1.512022018744257901e-01,2.133501918872968139e-01,5.183378234059292655e-01,6.965919867606331639e-01,7.136594492286585378e-01,5.733138163250381947e-01,3.138543965272133640e-01,-3.041918761752372344e-03,-3.076177055733634869e-01,-5.376174729509290984e-01,-6.506961295640845133e-01,-6.313349851644969313e-01,-4.914514604655141894e-01,-2.653573056294744603e-01,-8.269995939268464259e-04,2.514044092088981164e-01,4.474168875683379176e-01,5.573546878981707753e-01,5.691324939364196256e-01,4.884344628335867133e-01,3.355763554303506924e-01,1.402905215273103079e-01,-6.431100729830095675e-02,-2.474178216118100015e-01,-3.849491255026181724e-01,-4.622170269541068799e-01,-4.747117967182793996e-01,-4.272302111638962008e-01,-3.317931339811991953e-01,-2.048994658437175986e-01,-6.465195847591344303e-02,7.180509162471890305e-02,1.902393247678897670e-01,2.805334895608422863e-01,3.371365264967280950e-01,3.588666723594502450e-01,3.482350915360927779e-01,3.104825570824302772e-01,2.525125347174450585e-01,1.818720025931161444e-01,1.058873538995186714e-01,3.101631968211650270e-02,-3.756487278809240299e-02,-9.615259565803668806e-02,-1.425205962473091170e-01,-1.757853302361250258e-01,-1.961813302683074189e-01,-2.047921592423442572e-01,-2.032744987625255406e-01,-1.936030657805157817e-01,-1.778540778435152014e-01,-1.580360963229852367e-01,-1.359699423539613983e-01,-1.132142429483434937e-01,-9.102994797835664564e-02,-7.037558492894087359e-02,-5.192471050957753881e-02,-3.609757635291057504e-02,-2.310007615401050637e-02,-1.296425963644154758e-02,-5.585813972805111008e-03,-7.547022332938889801e-04,1.824554527533719548e-03,2.526670450038413177e-03,1.817417322671411499e-03,2.860027638852406968e-04,-1.307434267265068697e-03,-2.018600192542283935e-03,-1.114192243108993400e-03
8.489295767251764380e-01,7.394667602486530988e-01,4.396405323052434144e-01,2.750318373373648873e-02,-3.900927415142721455e-01,-7.056693467597942027e-01,-8.391619179786424798e-01,-7.583512973255713829e-01,-4.864068180482138404e-01,-9.483537917484576030e-02,3.159246091220604957e-01,6.428156762067849250e-01,8.063056480847455854e-01,7.696218850323068850e-01,5.464389847588962956e-01,1.956009961314615353e-01,-1.951356737675932485e-01,-5.316734488978321904e-01,-7.364940334585570181e-01,-7.662784573369306740e-01,-6.202963936608559825e-01,-3.381982208694987446e-01,1.147476133870762097e-02,3.486310213382396439e-01,6.003089476875621555e-01,7.162956726037645883e-01,6.784265623120618871e-01,5.020878413605963653e-01,2.303627513309940422e-01,-7.715047801304306119e-02,-3.578875237886704475e-01,-5.591185119661920000e-01,-6.474349165919986993e-01,-6.133857690873079083e-01,-4.709343200061262835e-01,-2.525044732838544470e-01,-1.157613706339414086e-03,2.382231929143160398e-01,4.269585990135217335e-01,5.384543258585072767e-01,5.612026457328406215e-01,4.988171774983640172e-01,3.675619819983196312e-01,1.921972956323356740e-01,1.108269761876496187e-03,-1.783724655879688481e-01,-3.237408432023551330e-01,-4.197713689529754544e-01,-4.595118310225045355e-01,-4.439473190130285851e-01,-3.806367914288334986e-01,-2.817163833956823349e-01,-1.616726911040915760e-01,-3.523463973757628986e-02,8.436152847102845742e-02,1.865886704167195598e-01,2.642846867961365365e-01,3.137901243015751573e-01,3.346667198515833608e-01,3.291253296432399278e-01,3.012962349377235061e-01,2.564608301900002107e-01,2.003382094601037777e-01,1.384898127988119509e-01,7.587545042643251136e-02,1.656839857737912869e-02,-3.638211888896205476e-02,-8.096530598211300334e-02,-1.161304953861799216e-01,-1.416476889008305984e-01,-1.579357641429933734e-01,-1.658822042808102970e-01,-1.666722223790409740e-01,-1.616391324138357621e-01,-1.521424324261815286e-01,-1.394756884821613530e-01,-1.248030809096294519e-01,-1.091213652545830470e-01,-9.324287267154120207e-02,-7.779484468933589580e-02,-6.323068658166708378e-02,-4.984950489184474670e-02,-3.782154780431285640e-02,-2.721905610591972627e-02,-1.805499731351723966e-02,-1.033683116784398295e-02,-4.148358825302529869e-03,2.293300899374723474e-04,2.216727510433044290e-03,1.392675648604083322e-03
8.489295767251764380e-01,7.447710110781576853e-01,4.581737950005166926e-01,6.017452366742259695e-02,-3.509774849197414559e-01,-6.745128334149392835e-01,-8.322045662268400257e-01,-7.874255078962690835e-01,-5.534864336353052527e-01,-1.893934703329422931e-01,2.155798896371287077e-01,5.643195863933290202e-01,7.754976989588883152e-01,8.025354937409275857e-01,6.434640558657245268e-01,3.397119721791485025e-01,-3.533007142433884640e-02,-3.946822649942975381e-01,-6.583351949629755451e-01,-7.710424640740399793e-01,-7.134029742219413217e-01,-5.041616226621556951e-01,-1.938596997241948949e-01,1.480614456909109811e-01,4.493038865316303920e-01,6.501181756714691229e-01,7.147978341314907835e-01,6.371818728013686206e-01,4.395994151224899005e-01,1.661491190939438922e-01,-1.277086711816990128e-01,-3.867446775683002214e-01,-5.663070447723289602e-01,-6.395547142975976929e-01,-6.005762550475189920e-01,-4.633314301122892775e-01,-2.571611691322663873e-01,-2.014779090383393007e-02,2.081891642188409830e-01,3.934870112406773091e-01,5.113967878096676856e-01,5.501499527022792879e-01,5.107701509734592360e-01,4.052748335989387884e-01,2.534837896278404612e-01,7.916596833260519661e-02,-9.377489751537934626e-02,-2.445152531061948187e-01,-3.575682048407177183e-01,-4.239384086453848455e-01,-4.412239372527093639e-01,-4.128558307568944707e-01,-3.467477167709310804e-01,-2.536508364434964524e-01,-1.454847824085447328e-01,-3.385684936275890761e-02,7.109029147670860305e-02,1.614372307646759208e-01,2.318520395506474541e-01,2.796077731891082885e-01,3.043308828938175448e-01,3.075705289999812742e-01,2.922767858665131224e-01,2.622635969567100322e-01,2.217144712480800528e-01,1.747691753852523011e-01,1.252110320461303217e-01,7.625881415592913881e-02,3.045558702136113433e-02,-1.036063500907438706e-02,-4.502327625024635238e-02,-7.296017813549635078e-02,-9.409121755936200593e-02,-1.087157676392864758e-01,-1.174017287610480548e-01,-1.208843137888033492e-01,-1.199795434314083892e-01,-1.155147236106952857e-01,-1.082761380407152862e-01,-9.897281362741298938e-02,-8.821448815895950590e-02,-7.650185295104651451e-02,-6.422795461095615055e-02,-5.169199154382621286e-02,-3.913250165455502833e-02,-2.680071151395688189e-02,-1.512516137561134566e-02,-5.061277629991751785e-03,1.403449905668658747e-03,1.980126924925395410e-03
8.489295767251764380e-01,7.500120656951919651e-01,4.766164942577302832e-01,9.314087507373462749e-02,-3.104515071644378676e-01,-6.401441685826888550e-01,-8.201195859007978095e-01,-8.103563320031608175e-01,-6.154153079585216179e-01,-2.825036291580007575e-01,1.104393724321311582e-01,4.735027942625875119e-01,7.257489046738826444e-01,8.133473095208393344e-01,7.207951490151239815e-01,4.729505289081304964e-01,1.278751720764112476e-01,-2.373875003462892208e-01,-5.444826932477140335e-01,-7.307043079927836304e-01,-7.615439232987625262e-01,-6.363943345348184177e-01,-3.866823615980742868e-01,-6.742293486730269181e-02,2.554792127593842888e-01,5.191626316717854461e-01,6.759943459353146000e-01,7.016944776203608569e-01,5.981706827978890972e-01,3.910442740893181335e-01,1.229156721134917057e-01,-1.558671995475433281e-01,-3.969072646375406688e-01,-5.620651791668794806e-01,-6.290270199845189314e-01,-5.934799467786993077e-01,-4.679564530609679474e-01,-2.779986179159086301e-01,-5.666989051431278041e-02,1.614300407837841178e-01,3.455912414395994059e-01,4.730714912471297162e-01,5.313926121715825124e-01,5.187851583329933236e-01,4.430184038071902086e-01,3.190616810267547510e-01,1.661193380480056325e-01,4.572737574199133882e-03,-1.467271277208349878e-01,-2.725114716704410411e-01,-3.623397042628562215e-01,-4.110322631099223023e-01,-4.183952211389783127e-01,-3.884135621140151207e-01,-3.281207868082915424e-01,-2.463477288982112989e-01,-1.525226498175538958e-01,-5.564873093533950071e-02,3.646581544363086680e-02,1.176974845704504280e-01,1.838285470894338580e-01,2.325385067346598944e-01,2.632207352094513841e-01,2.766842289264522248e-01,2.747973261344919815e-01,2.601215570181230619e-01,2.355721882309590454e-01,2.041296713140355878e-01,1.686147435382910897e-01,1.315303880262993774e-01,9.496672206090335522e-02,6.056020198910946201e-02,2.949606500552927335e-02,2.542255099052217592e-03,-1.989628087606652718e-02,-3.771256192309221933e-02,-5.102953067975397883e-02,-6.013470374379881883e-02,-6.542131579556033361e-02,-6.733812031348948568e-02,-6.634871866185262923e-02,-6.290040649268820172e-02,-5.740217118328235640e-02,-5.021204230531502860e-02,-4.163683797019915311e-02,-3.195700706940764191e-02,-2.152064411810494446e-02,-1.104427252721322181e-02,-2.402973793662730676e-03,9.107593684366029757e-04
8.489295767251764380e-01,7.551830408721742494e-01,4.949394580470536376e-01,1.263376274273483313e-01,-2.686064148149844844e-01,-6.026235148089568172e-01,-8.028103803528732207e-01,-8.267175175321331837e-01,-6.712857106554307451e-01,-3.727526250245817852e-01,2.211934518497400432e-03,3.718760765417932213e-01,6.576504038664366947e-01,8.009612475663153708e-01,7.751141183455347861e-01,5.897726034629313663e-01,2.874473059941977660e-01,-6.681317684494011977e-02,-3.999251139377841269e-01,-6.461275241795292335e-01,-7.599109086000230828e-01,-7.239980342365600618e-01,-5.511014019146035503e-01,-2.795860042661136302e-01,3.559005470872197985e-02,3.344510171762333783e-01,5.635981719036978754e-01,6.855779708572754538e-01,6.844536891171589810e-01,5.669199286756930745e-01,3.592268860333273084e-01,1.009387928932888034e-01,-1.629881293085112259e-01,-3.902059700014946508e-01,-5.476499852855526429e-01,-6.159119829179980909e-01,-5.908763477785755613e-01,-4.827169519456396829e-01,-3.127847209550304042e-01,-1.091845360972256845e-01,9.807244922122389241e-02,2.815313579398870947e-01,4.197576730577161075e-01,4.994496768918055829e-01,5.161140315789709554e-01,4.734494335735511816e-01,3.817460943538034113e-01,2.556924399121457414e-01,1.119886838773821169e-01,-3.288503588235273251e-02,-1.644891968621921552e-01,-2.716848556964421291e-01,-3.472882775739554173e-01,-3.881625866015115944e-01,-3.948503217188379932e-01,-3.708843595649748415e-01,-3.219225833085291866e-01,-2.548392966326057385e-01,-1.768805057559705574e-01,-9.495766881081083022e-02,-1.512123867817074738e-02,5.777431879438407053e-02,1.202256809568989226e-01,1.700835570081691561e-01,2.064395028452302439e-01,2.294352362766955977e-01,2.400306429607512171e-01,2.397611435329602969e-01,2.305079529044094244e-01,2.142972534137150553e-01,1.931373370278838819e-01,1.688969194148692010e-01,1.432233610122169432e-01,1.174964818409198059e-01,9.281189890285027055e-02,6.998712322353484172e-02,4.958376469338428294e-02,3.193984656798935090e-02,1.720719783904458081e-02,5.389985300385792544e-03,-3.618469031327026936e-03,-1.000245936753045919e-02,-1.399532188193139751e-02,-1.585602945620026225e-02,-1.585143367578189383e-02,-1.424610922553447463e-02,-1.130887446549441906e-02,-7.374956550865002271e-03,-3.112829708942714980e-03,-2.266728203284866993e-04
8.489295767251764380e-01,7.602771045761871349e-01,5.131130925381586216e-01,1.596969264946156708e-01,-2.255447029126471103e-01,-5.620357348298603561e-01,-7.802221037102738954e-01,-8.361344108242886319e-01,-7.202254535295409266e-01,-4.586983474037688580e-01,-1.072364309595245646e-01,2.612930467325502160e-01,5.723383914351997115e-01,7.649662048462708697e-01,8.037619592154614523e-01,6.850045053032424169e-01,4.361243944027662911e-01,1.089204741311488867e-01,-2.317234870829411042e-01,-5.210698559296338406e-01,-7.069376895762526924e-01,-7.588994934534085690e-01,-6.727051268144272900e-01,-4.694501777556169264e-01,-1.900781842585823611e-01,1.133451778770300650e-01,3.876700403693018049e-01,5.880432848392611600e-01,6.849948294134345916e-01,6.681952898628732429e-01,5.465749917896595145e-01,3.451838784415445227e-01,9.970138218973730038e-02,-1.502012042099674649e-01,-3.674051248403357728e-01,-5.227396628265176259e-01,-5.985130420400635032e-01,-5.898725321355584583e-01,-5.040834650675302120e-01,-3.581332930685049432e-01,-1.752640129508422906e-01,1.889721451033692101e-02,1.999903650690238455e-01,3.478767090761278324e-01,4.485995292388311184e-01,4.952509995892115380e-01,4.878167591826442218e-01,4.321971762952931950e-01,3.386775418538180427e-01,2.201393289540119202e-01,9.028006071322285109e-02,-3.794624947082439470e-02,-1.535277680904358344e-01,-2.481663491303128799e-01,-3.166213824957839207e-01,-3.566761614885800569e-01,-3.688095272333697938e-01,-3.556702974894851987e-01,-3.214515168555954761e-01,-2.712498231246915359e-01,-2.104765782691369880e-01,-1.443659342501537324e-01,-7.760400449629549502e-02,-1.408511994966563964e-02,4.321290931583839090e-02,9.225208162922909905e-02,1.318787151269057434e-01,1.617132922870796741e-01,1.820083931192433557e-01,1.934942764976758378e-01,1.972274977477497804e-01,1.944535147424233112e-01,1.864900562573562626e-01,1.746344386099200618e-01,1.600951877125040557e-01,1.439462910808999296e-01,1.271011133205229016e-01,1.103023482186813037e-01,9.412421378044397158e-02,7.898328307333662979e-02,6.515475560936487276e-02,5.279150531873833679e-02,4.194381583550309267e-02,3.257830094472015381e-02,2.459518082809662373e-02,1.784426768561352475e-02,1.214355509576413306e-02,7.318075372584408912e-03,3.329099145751128041e-03,6.439241661884975709e-04
8.489295767251764380e-01,7.652874868535859409e-01,5.311074513320399593e-01,1.931478604767705165e-01,-1.813795738898405230e-01,-5.184909138627504799e-01,-7.523446102115114442e-01,-8.382921910866404369e-01,-7.614146088948702262e-01,-5.388964017356310254e-01,-2.159152789159747565e-01,1.439240420253844466e-01,4.714977751460554534e-01,7.057007850645261593e-01,8.048952966077013160e-01,7.541065260274343318e-01,5.667683668700690403e-01,2.809741858614320242e-01,-4.872671265251249384e-02,-3.621455348466493529e-01,-6.046667241446770369e-01,-7.367311825242076617e-01,-7.399617828953034548e-01,-6.190705551687613051e-01,-3.995470245750426530e-01,-1.219027203796883702e-01,1.662025314973839263e-01,4.183808961639153834e-01,5.969808331930027689e-01,6.784254261144821996e-01,6.557558045848417283e-01,5.382665347216132323e-01,3.486227071792474264e-01,1.182163336387917346e-01,-1.182923044762796139e-01,-3.282999152804892962e-01,-4.856576000198051246e-01,-5.736054181365158877e-01,-5.860133576872722516e-01,-5.269892502865375361e-01,-4.091475238646595236e-01,-2.509811538397917485e-01,-7.383494141040182479e-02,1.010499003257651074e-01,2.550414573940205654e-01,3.739234343621714585e-01,4.488916194324745756e-01,4.767572398236610831e-01,4.594733328429674302e-01,4.031636705578738322e-01,3.168602138105540700e-01,2.111491207537669890e-01,9.689513260353224688e-02,-1.583068822452429053e-02,-1.185450797650853816e-01,-2.048415619080848626e-01,-2.705871876000989773e-01,-3.138689639470499393e-01,-3.347490795295345323e-01,-3.348944495135903754e-01,-3.171436329303626289e-01,-2.850654687789195285e-01,-2.425514638785744581e-01,-1.934703960173636550e-01,-1.414006147752586151e-01,-8.944438449357915155e-02,-4.012000448875252534e-02,4.678437432155983441e-03,4.366713158644012355e-02,7.611902134142128906e-02,1.017847463502137145e-01,1.208004576097440469e-01,1.335926136055254065e-01,1.407873410621428567e-01,1.431294911227205258e-01,1.414143448064280051e-01,1.364331324396537426e-01,1.289321694920423922e-01,1.195844615708414049e-01,1.089720456094140921e-01,9.757704703944451718e-02,8.577937958219661319e-02,7.385916081826882085e-02,6.200233753060279546e-02,5.030917630507205501e-02,3.880915588275448552e-02,2.750058814120261846e-02,1.649281185766476518e-02,6.545093929075047889e-03,4.387578426861479808e-04
8.489295767251764380e-01,7.702074908049338919e-01,5.488923084364238925e-01,2.266166709414028368e-01,-1.362346658076174222e-01,-4.721246564755174902e-01,-7.192150106231800510e-01,-8.329437025768042790e-01,-7.941024096219397865e-01,-6.119287349428415013e-01,-3.217482046273681395e-01,2.221823230974520960e-02,3.573469591879153695e-01,6.242938053984289359e-01,7.776200500487222556e-01,7.934281844514531334e-01,6.727428571260478662e-01,4.402452527223423284e-01,1.388599952273516513e-01,-1.785725183577213104e-01,-4.588584232727332957e-01,-6.574692163317562565e-01,-7.454777316475528215e-01,-7.133713090576434546e-01,-5.713435729782854189e-01,-3.463163379033461498e-01,-7.648194867562620181e-02,1.955013537463546058e-01,4.294210752254538077e-01,5.934070945737425218e-01,6.679852355076809634e-01,6.478556014284253539e-01,5.413794223619561308e-01,3.681208424860162864e-01,1.550465365542118279e-01,-6.789014897875857157e-02,-2.720623261248539260e-01,-4.337800622513116044e-01,-5.367895946553977726e-01,-5.734744956745156941e-01,-5.447848709541325274e-01,-4.590935967739118162e-01,-3.302928381371910693e-01,-1.754936319472754636e-01,-1.268127361953059508e-02,1.413773049759713962e-01,2.727637191144653972e-01,3.714624101811433432e-01,4.318180644320554484e-01,4.524516393069573650e-01,4.357440555405120985e-01,3.870253386822343211e-01,3.136127006680337059e-01,2.238282599308140941e-01,1.261017031467526195e-01,2.823130335052733211e-02,-6.315623679138016033e-02,-1.429364479865832260e-01,-2.076215128096293161e-01,-2.553284216841595344e-01,-2.856203088400244838e-01,-2.992634056078564142e-01,-2.979399297752287068e-01,-2.839515751744144390e-01,-2.599406222940872646e-01,-2.286473982261371940e-01,-1.927149067585779696e-01,-1.545446244502582667e-01,-1.162020966353305568e-01,-7.936718381139468148e-02,-4.532152102257431397e-02,-1.496474927186951590e-02,1.114891895045859276e-02,3.276152202392959567e-02,4.985612669290090393e-02,6.260076653245329192e-02,7.129535914818040110e-02,7.632413194352211105e-02,7.811497769097223987e-02,7.710627430621638800e-02,7.372106093890713752e-02,6.834809941575303860e-02,6.132938773755444023e-02,5.295455562959822116e-02,4.346568021437495488e-02,3.308612220343021965e-02,2.211928908982498110e-02,1.125862636371626965e-02,2.393140336918844584e-03,-9.546268865317869773e-04
8.489295767251764380e-01,7.750305036238396283e-01,5.664372347398964891e-01,2.600269880521173249e-01,-9.024368799483528658e-02,-4.230981416563673880e-01,-6.809197727679668910e-01,-8.199167151095427819e-01,-8.176239799200424319e-01,-6.764337258616656134e-01,-4.226165189762413621e-01,-1.011457999530086665e-01,2.326026180870287563e-01,5.226765338044702114e-01,7.220935257095097981e-01,8.004403698682130974e-01,7.482955346044053435e-01,5.778793221697262616e-01,3.200375203507843658e-01,1.829792352862131752e-02,-2.788060939455281328e-01,-5.257426271093422754e-01,-6.869711608743952480e-01,-7.418509658184072597e-01,-6.868433512149568765e-01,-5.348862716257178906e-01,-3.122920560420360814e-01,-5.388264856964457977e-02,2.027175657927081376e-01,4.226790637313245225e-01,5.786271303886316719e-01,6.537777156409483315e-01,6.432642472975101944e-01,5.536761138257292325e-01,4.010898629526764569e-01,2.080549894730849003e-01,8.164515314072741620e-05,-1.978303141180094149e-01,-3.641664215824209627e-01,-4.830586141423161561e-01,-5.454727316950399585e-01,-5.494172634398658550e-01,-4.992964128735606355e-01,-4.046195954407963979e-01,-2.783242546385680805e-01,-1.349717823056394150e-01,1.095476445746255099e-02,1.464765295529198430e-01,2.611588839592859923e-01,3.477217098191809908e-01,4.022334359553756400e-01,4.239461241510942835e-01,4.148566971426711492e-01,3.790913903140201158e-01,3.222088784923388127e-01,2.505056437079675180e-01,1.703888228897897927e-01,8.786065911468111944e-02,8.137844054189111512e-03,-6.458926668010502026e-02,-1.272669874718413696e-01,-1.779775471552483557e-01,-2.158521726251780570e-01,-2.409246924699462444e-01,-2.539511034584543969e-01,-2.562172363588868240e-01,-2.493521690865719009e-01,-2.351601258257667582e-01,-2.154788591000844356e-01,-1.920683403845779846e-01,-1.665302125120838028e-01,-1.402559667388165177e-01,-1.144001715188361495e-01,-8.987419762840084814e-02,-6.735561324996944266e-02,-4.730860677818357618e-02,-3.001128347493419932e-02,-1.558634095630533761e-02,-4.032346417822059090e-03,4.746475600179758322e-03,1.091346400630103207e-02,1.467691123895772942e-02,1.627282254619887014e-02,1.595511055958811347e-02,1.399805349596980157e-02,1.072304293678895924e-02,6.577902274108193663e-03,2.319726147630082023e-03,-7.153149801318569581e-04,-1.002620389544373394e-03
8.489295767251764380e-01,7.797500076723024032e-01,5.837116777120089361e-01,2.933000893889673444e-01,-4.354996307631003871e-02,-3.715979220832208441e-01,-6.375963067944663276e-01,-7.991204428353154698e-01,-8.314165223637068891e-01,-7.311370867509071614e-01,-5.164072341964548452e-01,-2.233203053915830683e-01,1.004240619718874822e-01,4.035635432609663287e-01,6.395869527131604615e-01,7.739294277709318770e-01,7.889221061499974708e-01,6.858096296309957873e-01,4.836778888293268297e-01,2.156536164467745820e-01,-7.684248104802614276e-02,-3.507505380538922246e-01,-5.678318885215913880e-01,-6.999547961305964128e-01,-7.324953402189116058e-01,-6.655011683005093159e-01,-5.126435276758153359e-01,-2.983167406868040827e-01,-5.348532451088353762e-02,1.890000725891139988e-01,3.988999707966315866e-01,5.522894855729151287e-01,6.340476673112304118e-01,6.389363793700302274e-01,5.712940201402566531e-01,4.435561414015277704e-01,2.739446061761880435e-01,8.372944750093065658e-02,-1.055351429639029004e-01,-2.744560505399721850e-01,-4.076767278243116910e-01,-4.950431369528867642e-01,-5.320306855851038019e-01,-5.194974973901049786e-01,-4.628989155851659931e-01,-3.711381614965062470e-01,-2.552391552602305547e-01,-1.270140129348161784e-01,2.133637196204647007e-03,1.221700280350280360e-01,2.251024956793665210e-01,3.053474294177412340e-01,3.598161371387166851e-01,3.877645170976899425e-01,3.904667775263940821e-01,3.707782137104934095e-01,3.326489450888976962e-01,2.806417431430679454e-01,2.194949586641082029e-01,1.537581960634878675e-01,8.751549340633488216e-02,2.419956524682459822e-02,-3.350813597202483007e-02,-8.370291921636432986e-02,-1.252228503061005582e-01,-1.575714887863996494e-01,-1.808131468589231350e-01,-1.954547323634371891e-01,-2.023257647631760969e-01,-2.024653579420854221e-01,-1.970221863318554478e-01,-1.871709317477963652e-01,-1.740465935937700603e-01,-1.586964009386099550e-01,-1.420478953964274815e-01,-1.248910195613021218e-01,-1.078716820852403113e-01,-9.149420185355552904e-02,-7.613018629759146783e-02,-6.203171093454818569e-02,-4.934709948435843374e-02,-3.813815416164673122e-02,-2.839841432199778984e-02,-2.007309679325982796e-02,-1.308312735320105169e-02,-7.358559792366300804e-03,-2.890415430871291682e-03,1.913915158074255916e-04,1.552690742655095857e-03,9.643509396324182002e-04
8.489295767251764380e-01,7.843595915643278849e-01,6.006850440296350735e-01,3.263551814321007938e-01,3.694124656024608787e-03,-3.178354563315021197e-01,-5.894339808009213533e-01,-7.705511545004301022e-01,-8.350345713473057430e-01,-7.748828456542992127e-01,-6.010642707477978908e-01,-3.413582647719360930e-01,-3.566237409480556286e-02,2.704002684051831085e-01,5.325017922093677747e-01,7.141389429789616328e-01,7.916879437920506524e-01,7.572898252061682767e-01,6.192525049054712349e-01,4.000611059537037550e-01,1.324490097867772054e-01,-1.457560684689478137e-01,-3.971677594158618541e-01,-5.899277235922095741e-01,-7.016510087486048652e-01,-7.217677788143153084e-01,-6.520753817426900856e-01,-5.055896136715646305e-01,-3.040157810795547366e-01,-7.431890178396539925e-02,1.550565791786641390e-01,3.577831094864536432e-01,5.126169431435325663e-01,6.054293727022875826e-01,6.301582996898691391e-01,5.886952399525325896e-01,4.898569624300723180e-01,3.476854346463413847e-01,1.793680249586683817e-01,3.073056084543750264e-03,-1.640390070884207019e-01,-3.074300931987673513e-01,-4.163018670138154964e-01,-4.841705210470466092e-01,-5.089229030566103651e-01,-4.924317295362827251e-01,-4.398424580549597507e-01,-3.586596996825407446e-01,-2.577589385692496404e-01,-1.464336112210214980e-01,-3.356295448523537867e-02,7.304281221711640681e-02,1.670922739306515969e-01,2.440555472691815775e-01,3.012182768606467276e-01,3.375792796451474453e-01,3.536319105968401266e-01,3.510712424038431312e-01,3.324666335151617580e-01,3.009335538424632861e-01,2.598309974596239025e-01,2.125026381154440924e-01,1.620720330591694514e-01,1.112953266701750404e-01,6.246944140793736500e-02,1.738981884132637101e-02,-2.265065506688391031e-02,-5.683101542348537039e-02,-8.474939381454073273e-02,-1.063567861922533470e-01,-1.218849552077790471e-01,-1.317745093002026524e-01,-1.366076406939327470e-01,-1.370485313385323423e-01,-1.337931483314911962e-01,-1.275291050332643117e-01,-1.189054853463174244e-01,-1.085120206619284572e-01,-9.686676919084726001e-02,-8.441148227764838641e-02,-7.151418715973580087e-02,-5.847925901405252175e-02,-4.556656173159657347e-02,-3.302333668213654205e-02,-2.113556267105817094e-02,-1.030908810642947385e-02,-1.192859862296703983e-03,5.152196875931918524e-03,7.143902225295892770e-03,3.721507753241633330e-03
8.489295767251764380e-01,7.888529612288124326e-01,6.173267848041564809e-01,3.591097025606155291e-01,5.132777355906506522e-02,-2.620463658346928182e-01,-5.366745187767996139e-01,-7.342967157272466405e-01,-8.281639171731837168e-01,-8.066636195164703649e-01,-6.746415988867101587e-01,-4.522912964488070564e-01,-1.718575898827701953e-01,1.272767724611691686e-01,4.043349858612810821e-01,6.228466772494190007e-01,7.554836319426907476e-01,7.873834698390200781e-01,7.175749208134672985e-01,5.584194786324042648e-01,3.332761214124369542e-01,7.283458719102248180e-02,-1.892833256411362852e-01,-4.210013587067020779e-01,-5.957375058712593985e-01,-6.953437125201140656e-01,-7.117392006892455658e-01,-6.471453858910617418e-01,-5.130261357114379583e-01,-3.279965794386278666e-01,-1.150687541470770264e-01,1.013547093365110285e-01,2.983446590859419878e-01,4.568395019180770955e-01,5.633415033959043861e-01,6.108027694371541694e-01,5.987013744888837197e-01,5.324044239864297312e-01,4.219846618941219818e-01,2.806959342357743803e-01,1.233206897916647865e-01,-3.541598373560281288e-02,-1.822095866721034629e-01,-3.062102434327605427e-01,-3.996742256259173676e-01,-4.582292274457288594e-01,-4.807905772705056702e-01,-4.691947839222217476e-01,-4.276333231062644513e-01,-3.619740861986709413e-01,-2.790524112097507170e-01,-1.860007990371373987e-01,-8.966923136238774683e-02,3.830773221488866301e-03,8.944327974025423345e-02,1.633467685341919162e-01,2.230073612983711207e-01,2.671273828862119060e-01,2.955146611920566047e-01,3.088990970967474547e-01,3.087215277550282022e-01,2.969165455316664648e-01,2.757064927810773391e-01,2.474190083851710853e-01,2.143357965179550628e-01,1.785761064659928676e-01,1.420149872400763291e-01,1.062338115559474799e-01,7.249884403120124277e-02,4.176267618012774463e-02,1.468303779717099536e-02,-8.346328621770897002e-03,-2.715752725683956426e-02,-4.176718129225863441e-02,-5.233519648737840896e-02,-5.912610494580436415e-02,-6.247477266439043636e-02,-6.275768739433187915e-02,-6.037065725308811415e-02,-5.571358351148269356e-02,-4.918306198707296517e-02,-4.117395329298675216e-02,-3.209175396783396639e-02,-2.237853060353139911e-02,-1.255618127829960344e-02,-3.291997335738380305e-03,4.504990674955454757e-03,9.541346163917842002e-03,1.002303792343058400e-02,4.805030122475648612e-03
8.489295767251764380e-01,7.932239509220703200e-01,6.336064830597392117e-01,3.914796462001141064e-01,9.918249961843417228e-02,-2.044894117891949414e-01,-4.796117405034389658e-01,-6.905399153650800814e-01,-8.106338092778661020e-01,-8.256493480895847892e-01,-7.353568609391446520e-01,-5.532134913926954889e-01,-3.042003841135074160e-01,-2.119117785122761125e-02,2.595906190370148026e-01,5.033668091535535849e-01,6.811927832131133842e-01,7.733727354686020794e-01,7.715033459255538073e-01,6.789598949497288594e-01,5.098618751886571099e-01,2.867560223920517792e-01,3.740652655445320801e-02,-2.088321236421196159e-01,-4.245705083147423564e-01,-5.874318279420636113e-01,-6.822613641685277841e-01,-7.023058360714398152e-01,-6.493190268183813840e-01,-5.326874669148897734e-01,-3.677794484699315469e-01,-1.737912969676548292e-01,2.860752000274059681e-02,2.195420030426690761e-01,3.818700923665240277e-01,5.026195066328537076e-01,5.738305720687906231e-01,5.927920022277899381e-01,5.617255746008155137e-01,4.870276093605160339e-01,3.782066815926344305e-01,2.466678126473877131e-01,1.044858000218170657e-01,-3.671152042587801090e-02,-1.666603668230916824e-01,-2.771238497582079185e-01,-3.622804249112667185e-01,-4.188480203630298160e-01,-4.459773819799304762e-01,-4.449637864351249084e-01,-4.188339582175797937e-01,-3.718656340517746961e-01,-3.090921735187764918e-01,-2.358356384435246200e-01,-1.573006070244151455e-01,-7.824923209491210785e-02,-2.766972893355779464e-03,6.588106613285575619e-02,1.253106359956415172e-01,1.740082013230773994e-01,2.112655181865254750e-01,2.370751875590559332e-01,2.520027777890014864e-01,2.570493314322779277e-01,2.535156098371760813e-01,2.428766653512200169e-01,2.266725752415493789e-01,2.064186499683278997e-01,1.835362864948433259e-01,1.593039476442445757e-01,1.348265250339006072e-01,1.110205561336532060e-01,8.861235709960088580e-02,6.814602825966385724e-02,4.999840949517673355e-02,3.439833200780600259e-02,2.144786253903700410e-02,1.114360802082033086e-02,3.396496948030598619e-03,-1.951253741686364467e-03,-5.113055448217412001e-03,-6.349654710754810624e-03,-5.966385538654595151e-03,-4.316513674270805109e-03,-1.810998288026694804e-03,1.064531071385654837e-03,3.721100316277921576e-03,5.412713706300251344e-03,5.182257893184832528e-03,2.406679939977233746e-03
8.489295767251764380e-01,7.974665341598482504e-01,6.494939430903702293e-01,4.233799025384911707e-01,1.470829589918386804e-01,-1.454451908308681263e-01,-4.185906119780712364e-01,-6.395604436624727773e-01,-7.824270623498266186e-01,-8.312136418749014322e-01,-7.816438914911687519e-01,-6.413686982869805098e-01,-4.286913804497900493e-01,-1.700109468890280973e-01,1.036381592909252358e-01,3.604712271467075402e-01,5.717542867696043807e-01,7.150511704631038468e-01,7.765459666239915570e-01,7.522115136670920466e-01,6.477557757506211544e-01,4.774357403944958778e-01,2.619620525829716717e-01,2.581134316349765687e-02,-2.056915457635110911e-01,-4.091636951207162087e-01,-5.655173944820675036e-01,-6.616490665069520993e-01,-6.913370995757194271e-01,-6.553268081954546354e-01,-5.606762362728610061e-01,-4.195119021120392033e-01,-2.473921897073532716e-01,-6.149556814199001048e-02,1.211571814217963089e-01,2.852681988571689198e-01,4.184830937152675956e-01,5.121890319018463922e-01,5.618674357990167678e-01,5.670273829766948603e-01,5.307843782663157484e-01,4.591747739838013542e-01,3.603081127415643792e-01,2.434591267822262262e-01,1.181903361824636206e-01,-6.421844112561550695e-03,-1.224066144548594526e-01,-2.233360397585993640e-01,-3.045735742835601889e-01,-3.633453758946661449e-01,-3.986593565803082106e-01,-4.111054053823141596e-01,-4.025739638854797797e-01,-3.759297731107486551e-01,-3.346740572348306797e-01,-2.826226906759139457e-01,-2.236210168974755719e-01,-1.613088362676366461e-01,-9.894236148064798619e-02,-3.927414901792992269e-02,1.551255592608167221e-02,6.382186891183548594e-02,1.046244780280039116e-01,1.374076069130103772e-01,1.621052105711999758e-01,1.790170880563159983e-01,1.887243452137055688e-01,1.920071501773008005e-01,1.897691720039486329e-01,1.829716144784899468e-01,1.725784461494846156e-01,1.595133387949673465e-01,1.446279820371326463e-01,1.286808388985217766e-01,1.123250253040254387e-01,9.610380476836638541e-02,8.045215178873244000e-02,6.570291753374062071e-02,5.209629617025057086e-02,3.979151231871337624e-02,2.887991155826745426e-02,1.939893554748759949e-02,1.134684063053096985e-02,4.698622041973294153e-03,-5.751249715506908007e-04,-4.481591653820892439e-03,-6.959340092375223413e-03,-7.789201266257216733e-03,-6.484625943262226078e-03,-2.797087757871812366e-03
8.489295767251764380e-01,8.015748345382798234e-01,6.649592813026412585e-01,4.547246170226393880e-01,1.948478539283627353e-01,-8.521455215456644194e-02,-3.540055849795321063e-01,-5.817354097856284323e-01,-7.436877156556553903e-01,-8.229569060676011905e-01,-8.122024711400175345e-01,-7.142384557269602086e-01,-5.414262426541505135e-01,-3.139872974644901116e-01,-5.747963692765103300e-02,2.002279901447159838e-01,4.321066297749910912e-01,6.148707185566303357e-01,7.313146742563807479e-01,7.718498960650426177e-01,7.351192787161480169e-01,6.276826844624229240e-01,4.628746957433605425e-01,2.590227152179958581e-01,3.727031760410325079e-02,-1.807264024062575913e-01,-3.749722634378588326e-01,-5.289581101867274482e-01,-6.309794300615945151e-01,-6.748615723911148834e-01,-6.600775903252735777e-01,-5.913106149498811304e-01,-4.775648295778453511e-01,-3.309633859330992633e-01,-1.653865367225887395e-01,4.900125732001413444e-03,1.664961353000765920e-01,3.078938387731406934e-01,4.202176408527913409e-01,4.976462841831762463e-01,5.375239456160488816e-01,5.401942605601203207e-01,5.086118024866692622e-01,4.477973042845468932e-01,3.642063343873164771e-01,2.650773806193872373e-01,1.578160339791341293e-01,4.945913573377984374e-02,-5.375172543518743490e-02,-1.466723996542851072e-01,-2.254320903514979157e-01,-2.874917120259756209e-01,-3.316012281998918509e-01,-3.576773578874435366e-01,-3.666251088382584400e-01,-3.601262949476662367e-01,-3.404160642348151300e-01,-3.100650898046447557e-01,-2.717810247619965036e-01,-2.282385878753064590e-01,-1.819436240105697378e-01,-1.351329531770541770e-01,-8.970895471299476787e-02,-4.720570031531646366e-02,-8.782042862212739026e-03,2.476367984276495876e-02,5.296286082843872783e-02,7.563505615271913507e-02,9.284038822999085561e-02,1.048299457839609455e-01,1.119973915571167156e-01,1.148341711363144169e-01,1.138899556941831703e-01,1.097392885945877167e-01,1.029548634115374089e-01,9.408744697268561774e-02,8.365217189124200814e-02,7.212074604930800159e-02,5.991904244475841634e-02,4.742951945532320607e-02,3.499796294113721035e-02,2.294415681472539506e-02,1.157641467333371879e-02,1.210913541085907510e-03,-7.800212672126072624e-03,-1.501978736402430695e-02,-1.982352914065247870e-02,-2.118388993951992802e-02,-1.740050181561660081e-02,-7.484606771777590171e-03
8.489295767251764380e-01,8.055431364129613803e-01,6.799730181326940626e-01,4.854275636514420733e-01,2.422909167943228248e-01,-2.411674274299801732e-02,-2.862982154300657833e-01,-5.175383098194742404e-01,-6.947259337898106235e-01,-8.007254383965067834e-01,-8.260436222474063506e-01,-7.696275330286262983e-01,-6.387334918127103300e-01,-4.479160060315858782e-01,-2.172830369980110754e-01,2.975996822026954688e-02,2.690088280586032110e-01,4.779213863231759896e-01,6.377802706417954326e-01,7.353467906654510555e-01,7.638647943227094839e-01,7.233537364780601164e-01,6.202111377988176466e-01,4.662165895283307826e-01,2.770850040976487461e-01,7.075112185523635411e-02,-1.344214341212145170e-01,-3.213239030089897752e-01,-4.755252935046344054e-01,-5.863229354702220730e-01,-6.473582347819787364e-01,-6.567850438887503639e-01,-6.170232160137618660e-01,-5.341661463155453760e-01,-4.171357673964545820e-01,-2.766905584430343623e-01,-1.243921656750857224e-01,2.837403695020030217e-02,1.712471099473936997e-01,2.955528152965606892e-01,3.947498061319028029e-01,4.646530212508815927e-01,5.034479267383302759e-01,5.115250584511400467e-01,4.911748537734193509e-01,4.461879511702074308e-01,3.814064559342548177e-01,3.022679823467543936e-01,2.143776713175814530e-01,1.231350012764838575e-01,3.343314945961754769e-02,-5.056014610887856614e-02,-1.255391097867634143e-01,-1.891191105381518078e-01,-2.398284728642678110e-01,-2.770458500009201352e-01,-3.008974477659118185e-01,-3.121283696528450169e-01,-3.119612653761650312e-01,-3.019536306368059697e-01,-2.838628378397098917e-01,-2.595255511963333039e-01,-2.307558180669071202e-01,-1.992639956084061581e-01,-1.665968734889539671e-01,-1.340979426236446059e-01,-1.028857458588922358e-01,-7.384760528839610927e-02,-4.764570575557385695e-02,-2.473246546102710400e-02,-5.372278071978585715e-03,1.033299642172307020e-02,2.241703921492189597e-02,3.102241474742206337e-02,3.637567427433308076e-02,3.876526625003248738e-02,3.852295976356907847e-02,3.600919574672095669e-02,3.160253375255219627e-02,2.569315465878837038e-02,1.868021998161067260e-02,1.097283811228255690e-02,2.994657153384628744e-03,-4.806729050499678260e-03,-1.194088706563484377e-02,-1.783245405327078814e-02,-2.172165892119183941e-02,-2.244426589358250804e-02,-1.815541431574269754e-02,-7.757289622666343511e-03
8.489295767251764380e-01,8.093658954051889953e-01,6.945061706095643217e-01,5.154025308954268692e-01,2.892219658757675393e-01,3.751270854665895993e-02,-2.159540620437012393e-01,-4.475363834752380532e-01,-6.360198859446182240e-01,-7.646257626577180888e-01,-8.225287877213465215e-01,-8.057439137684780928e-01,-7.173116864529271997e-01,-5.667893174299998282e-01,-3.691268277531455366e-01,-1.430681796649437010e-01,9.074043177526992798e-02,3.117326513944652655e-01,5.012944807983710227e-01,6.443509382401571006e-01,7.305311497059518988e-01,7.548279976518599277e-01,7.177250040012395083e-01,6.248178779161173146e-01,4.860053987076279891e-01,3.143596939490476694e-01,1.248069210943342222e-01,-6.724486499035675635e-02,-2.472022717969588612e-01,-4.023993074069776577e-01,-5.229465223778003713e-01,-6.022697086380958131e-01,-6.373248261726671693e-01,-6.285065114325785185e-01,-5.792927023347478332e-01,-4.956858638202346068e-01,-3.855212734101540195e-01,-2.577150049339014259e-01,-1.215195656417408926e-01,1.415492802665285418e-02,1.413098346829057828e-01,2.532885904427347179e-01,3.450556185150868704e-01,4.133245158857433710e-01,4.565482733588627218e-01,4.747930432084603303e-01,4.695224622296916839e-01,4.433218760627694599e-01,3.995913701163140708e-01,3.422338489946596396e-01,2.753601660538331219e-01,2.030281446965135350e-01,1.290268580214183058e-01,5.671225117212127381e-02,-1.110451367584830082e-02,-7.221848182378566572e-02,-1.250475020194393438e-01,-1.686113216857606234e-01,-2.024815147922965353e-01,-2.267107851554481801e-01,-2.417497608775536211e-01,-2.483585054854607344e-01,-2.475187874154867462e-01,-2.403518239858937200e-01,-2.280448756527154452e-01,-2.117888085003839516e-01,-1.927276350445770170e-01,-1.719201253088097348e-01,-1.503128678227081683e-01,-1.287236508567990712e-01,-1.078337113130337782e-01,-8.818723687950313916e-02,-7.019647651631263918e-02,-5.415088439385401520e-02,-4.022886433356962638e-02,-2.851087087550413859e-02,-1.899283987928987449e-02,-1.159915239906273918e-02,-6.194571879344114296e-03,-2.594830079613648366e-03,-5.757599127291133326e-04,1.189494963320320356e-04,-2.287435736102803158e-04,-1.316292871134694918e-03,-2.822911160973473697e-03,-4.405069714946317598e-03,-5.674704336619115427e-03,-6.140936335640150706e-03,-5.134238060916661642e-03,-2.237179858563027694e-03
8.489295767251764380e-01,8.130377487043941587e-01,7.085303451234632455e-01,5.445637179029859665e-01,3.354480256042080000e-01,9.932435318882781861e-02,-1.434988791765767768e-01,-3.723863278087121698e-01,-5.682143999233828513e-01,-7.150335514155945482e-01,-8.014013294911328522e-01,-8.212700514099846583e-01,-7.743603784869874662e-01,-6.660045900916085060e-01,-5.064953222252517318e-01,-3.100214802575944062e-01,-9.330847420980391271e-02,1.258982378496385779e-01,3.303605115526550007e-01,5.047479525486199270e-01,6.367944712324017376e-01,7.181247158929546792e-01,7.447008289078932419e-01,7.168784484038852600e-01,6.390971562830163322e-01,5.192612606710156342e-01,3.678894129275189218e-01,1.971246939858867231e-01,1.970017387146413487e-02,-1.520507169577879347e-01,-3.070628111861518628e-01,-4.362291412281866787e-01,-5.328760003475362383e-01,-5.930090429117288453e-01,-6.153369318665511400e-01,-6.010964396887686911e-01,-5.537159680541289264e-01,-4.783626040790188161e-01,-3.814210560666019822e-01,-2.699515514008531403e-01,-1.511688222171495011e-01,-3.197665288583201315e-02,8.141679912193289237e-02,1.837875227045427662e-01,2.710820951483169927e-01,3.405045126454372406e-01,3.905126706357219257e-01,4.207386877155290805e-01,4.318502724633502265e-01,4.253715233551585984e-01,4.034811713789935861e-01,3.688046499888935070e-01,3.242138725739394656e-01,2.726455769661889628e-01,2.169458904479889816e-01,1.597456542265105472e-01,1.033682348551531738e-01,4.976918417808570000e-02,5.052662788023786281e-04,-4.327093012510528636e-02,-8.079535776556862059e-02,-1.116607424638946244e-01,-1.357735105196342662e-01,-1.533038939082108920e-01,-1.646331451846585747e-01,-1.703011244974019511e-01,-1.709568037829161946e-01,-1.673135257230176087e-01,-1.601102004344804319e-01,-1.500790500370565994e-01,-1.379200364912684107e-01,-1.242817371402122895e-01,-1.097481627527792936e-01,-9.483083623818409913e-02,-7.996535468245068168e-02,-6.551162952085536062e-02,-5.175702652280161215e-02,-3.892169842951338776e-02,-2.716551367791174634e-02,-1.659614036792220193e-02,-7.278071784970848411e-03,7.572530758609795484e-04,7.499412820033011552e-03,1.294288786279785414e-02,1.706180024404938336e-02,1.976389210966373808e-02,2.079785573742268939e-02,1.956837968496268412e-02,1.491157058515489749e-02,6.160858006183029742e-03
8.489295767251764380e-01,8.165535251359534730e-01,7.220178299465953575e-01,5.728261384997859196e-01,3.807745028822508426e-01,1.609574125913311726e-01,-6.949413057035856711e-02,-2.928283687280054948e-01,-4.921162553634686465e-01,-6.525966094989514854e-01,-7.628089428290399931e-01,-8.154223539127039011e-01,-8.076991484571041102e-01,-7.415667130785857930e-01,-6.233070518183534414e-01,-4.629067617484417529e-01,-2.731379807890015332e-01,-6.846062819051494663e-02,1.361533427109223870e-01,3.263723392560614056e-01,4.895413820019549056e-01,6.155256781853268855e-01,6.973068238090359694e-01,7.313018952619626534e-01,7.174011838722786916e-01,6.587439713083885762e-01,5.612715581713484392e-01,4.331113230876374454e-01,2.838541303448060549e-01,1.237897961898418858e-01,-3.683796890625540277e-02,-1.885037655714147942e-01,-3.229580099908793134e-01,-4.336414818981915720e-01,-5.159428917910732215e-01,-5.672990183064944292e-01,-5.871488269428815077e-01,-5.767623685037482906e-01,-5.389717385664165583e-01,-4.778348438861984571e-01,-3.982633321608171628e-01,-3.056441813299557997e-01,-2.054806457934213182e-01,-1.030731283868244891e-01,-3.254707072021120751e-03,8.980993383524439599e-02,1.727590522730017841e-01,2.431036800550646360e-01,2.992384980783537318e-01,3.404023875123485254e-01,3.665990604406947351e-01,3.784889175600879563e-01,3.772631368310787603e-01,3.645101452787554153e-01,3.420832641842235788e-01,3.119766417136540793e-01,2.762147757076204302e-01,2.367591346136687092e-01,1.954337248245738567e-01,1.538700113081363507e-01,1.134704250385887708e-01,7.538880517820698013e-02,4.052552149844405177e-02,9.534679936946729301e-03,-1.715930427401675396e-02,-3.933841849302079779e-02,-5.696350265262188628e-02,-7.014459780436305136e-02,-7.911100713530229422e-02,-8.418251611372903898e-02,-8.574285689868083038e-02,-8.421616580883664605e-02,-8.004688436003275231e-02,-7.368330122699646989e-02,-6.556472689574377455e-02,-5.611213405744630567e-02,-4.572198328387266919e-02,-3.476288590485634988e-02,-2.357474301700113184e-02,-1.247006842621317668e-02,-1.737420078627663778e-03,8.352624113916611720e-03,1.753738317923846102e-02,2.554385682359012338e-02,3.205286909313818933e-02,3.662362287457082699e-02,3.852963046336588954e-02,3.641951164586663958e-02,2.790212579313390562e-02,1.157377069734691344e-02
8.489295767251764380e-01,8.199082549637987105e-01,7.349416870459939410e-01,6.001060303538857665e-01,4.250064102851979775e-01,2.220425722765455578e-01,5.468136451730132644e-03,-2.096787252374275601e-01,-4.086860564976771415e-01,-5.782315321721376300e-01,-7.073158041028003717e-01,-7.879961180418741939e-01,-8.158691765657101191e-01,-7.902745519702889521e-01,-7.142138226986087801e-01,-5.940038144779660190e-01,-4.387028410671623413e-01,-2.593649876441064261e-01,-6.818809292963583235e-02,1.223744212212034554e-01,3.004693359467470182e-01,4.556056445755293227e-01,5.792730372170908915e-01,6.653819035994530395e-01,7.105063099171093910e-01,7.139279080913023545e-01,6.774939303770162180e-01,6.053151624238533035e-01,5.033392591522692916e-01,3.788405266037117580e-01,2.398692659198819466e-01,9.470222350599355465e-02,-4.866885455011495804e-02,-1.829803849963859141e-01,-3.020499190161061165e-01,-4.010259010740296892e-01,-4.765299181481630897e-01,-5.266950500024937254e-01,-5.511105241380213071e-01,-5.506878389707869914e-01,-5.274667057821805782e-01,-4.843805970427190744e-01,-4.250015338366550655e-01,-3.532822562534322919e-01,-2.733114177135236855e-01,-1.890942724544577291e-01,-1.043678227956632981e-01,-2.245586408459936470e-02,5.383393647737377136e-02,1.222716747643990548e-01,1.812286468131064920e-01,2.296674119424625682e-01,2.671044293561312122e-01,2.935517659688969272e-01,3.094444220998490702e-01,3.155594622101206004e-01,3.129324729115385839e-01,3.027760031141716879e-01,2.864036671045955829e-01,2.651625934920077143e-01,2.403759483196892810e-01,2.132963989945872996e-01,1.850706499208349121e-01,1.567145883247356986e-01,1.290981341238784386e-01,1.029385848390614311e-01,7.880107194762013545e-02,5.710468036265354402e-02,3.813280709157499532e-02,2.204642734370323640e-02,8.899076304715355934e-03,-1.347475425289190688e-03,-8.807690158739970784e-03,-1.365752521840733064e-02,-1.612095762527639836e-02,-1.645807221965443767e-02,-1.495486564852788018e-02,-1.191479819178159309e-02,-7.652047923382782058e-03,-2.486417126261354985e-03,3.260030529349020045e-03,9.264139445163722952e-03,1.519927968237517850e-02,2.072607869084863719e-02,2.546854788372636749e-02,2.895794557852660739e-02,3.050506230775520619e-02,2.893162356786487324e-02,2.224078150031186599e-02,9.247399767932941092e-03
8.489295767251764380e-01,8.230971793976783468e-01,7.472758427227822464e-01,6.263212665665224277e-01,4.679496260992102030e-01,2.822049541101473991e-01,8.077100409060013197e-02,-1.238205364353400367e-01,-3.190267064157877308e-01,-4.931138147521752502e-01,-6.359035481874736329e-01,-7.393935318016821023e-01,-7.982122329437086883e-01,-8.098818541540792060e-01,-7.748781256113086435e-01,-6.964913645275117027e-01,-5.805075461292061867e-01,-4.347403160107427555e-01,-2.684540046862976537e-01,-9.172323232312874774e-02,8.522359398712112122e-02,2.526315598022814135e-01,4.017772008965558306e-01,5.254248672972222645e-01,6.181588202737582360e-01,6.765788579576094142e-01,6.993577162926395419e-01,6.871681212479342493e-01,6.424955180411291433e-01,5.693587026760993375e-01,4.729645659581977468e-01,3.593248713447741438e-01,2.348625530301703679e-01,1.060327204925387568e-01,-2.102021757254417603e-02,-1.407526866466849713e-01,-2.484480440935284140e-01,-3.403727655204514257e-01,-4.138619506401970960e-01,-4.673378565232889081e-01,-5.002687881280175608e-01,-5.130783140658063957e-01,-5.070163927094717415e-01,-4.840046332287928355e-01,-4.464676851541881097e-01,-3.971618010649760611e-01,-3.390101284697787376e-01,-2.749524455421426539e-01,-2.078150405347290175e-01,-1.402044066460938210e-01,-7.442651558001739387e-02,-1.243174464633539124e-02,4.421586871412340469e-02,9.434744916552104121e-02,1.371793345218997595e-01,1.722879411434714014e-01,1.995731816089317823e-01,2.192140887059695897e-01,2.316200306212459203e-01,2.373805001543637661e-01,2.372159757854492013e-01,2.319318292118281999e-01,2.223767301920152872e-01,2.094065048705721077e-01,1.938539597444169371e-01,1.765048039168113925e-01,1.580794942940975667e-01,1.392205932494290088e-01,1.204850629117759087e-01,1.023408183690523859e-01,8.516681543383082531e-02,6.925594796763323568e-02,5.482006571616583612e-02,4.199648727701175283e-02,3.085546617975544817e-02,2.140816410262071437e-02,1.361478789279620301e-02,7.392650787474736203e-03,2.624017591083211212e-03,-8.363173665597513524e-04,-3.153698346062008395e-03,-4.506451480238610023e-03,-5.078806270314033255e-03,-5.053783015536545201e-03,-4.605881961542821097e-03,-3.893200879240874424e-03,-3.048008880874984120e-03,-2.163874843789307181e-03,-1.282049727998363581e-03,-4.405861587093860463e-04
8.489295767251764380e-01,8.261157597754570370e-01,7.589951766102650543e-01,6.513917668591514554e-01,5.094121804407581999e-01,3.410672366086195950e-01,1.557789200117826733e-01,-3.619335640110986352e-02,-2.243685900496853458e-01,-3.986613695130403756e-01,-5.499605000966442114e-01,-6.706328858747088173e-01,-7.549226688442182143e-01,-7.992237418181360464e-01,-8.022131094668970563e-01,-7.648424166929319590e-01,-6.901945371607249857e-01,-5.832207190459802737e-01,-4.503808360810280798e-01,-2.992143617498428942e-01,-1.378725261035972371e-01,2.535732978535834570e-02,1.825057950406051011e-01,3.263279127189933071e-01,4.506412516087109910e-01,5.505805763997286828e-01,6.227606445781935784e-01,6.653451270315958732e-01,6.780256547897887121e-01,6.619201623921839861e-01,6.194037553984028666e-01,5.538881127207661015e-01,4.695668918438170580e-01,3.711447866654944971e-01,2.635669295592314443e-01,1.517634320958774763e-01,4.042126487436458609e-02,-6.620735390983546742e-02,-1.644541031512642693e-01,-2.513384375280120486e-01,-3.246263095360020223e-01,-3.828463507311458680e-01,-4.252681303165748994e-01,-4.518485544212965110e-01,-4.631533502280014702e-01,-4.602609269032441053e-01,-4.446557816383243655e-01,-4.181181064648025192e-01,-3.826154439118935047e-01,-3.402012341947600049e-01,-2.929239865670924536e-01,-2.427496761892430355e-01,-1.914988852937993258e-01,-1.407992278316482215e-01,-9.205275808281042360e-02,-4.641738814163458987e-02,-4.800834846003817699e-03,3.213472014129864496e-02,6.395925579555086782e-02,9.045486897283730454e-02,1.115910459276128197e-01,1.274970808638658248e-01,1.384332636084416313e-01,1.447622102431675439e-01,1.469214452892826095e-01,1.453980789928487061e-01,1.407061719232554353e-01,1.333671513200881120e-01,1.238934458495194318e-01,1.127753411093386365e-01,1.004709283270907166e-01,8.739892231018667190e-02,7.393405963102664402e-02,6.040475142503538841e-02,4.709265426321388587e-02,3.423383544285655417e-02,2.202124586984261639e-02,1.060827851807223318e-02,1.132945585791280232e-04,-9.374831836771678126e-03,-1.778981032281568703e-02,-2.507880453432567019e-02,-3.118916602394735879e-02,-3.604692310941098182e-02,-3.951798503627129699e-02,-4.133158512767622778e-02,-4.092012082409176438e-02,-3.709409219341008868e-02,-2.764756106242102773e-02,-1.128975563109634733e-02
8.489295767251764380e-01,8.289596863915293934e-01,7.700756085644514526e-01,6.752399054629475428e-01,5.492055560995944274e-01,3.982528902704753904e-01,2.298443801830343802e-01,5.221864363344295989e-02,-1.260516596108044174e-01,-2.965115956206413328e-01,-4.512589532454762686e-01,-5.833377662978647127e-01,-6.870689421305031797e-01,-7.583011389998114415e-01,-7.945705117979463550e-01,-7.951639269300919688e-01,-7.610863025275457217e-01,-6.949384458088014860e-01,-6.007167676083030594e-01,-4.835502588181076478e-01,-3.493929081449329010e-01,-2.046912177180202352e-01,-5.604662550215289141e-02,9.010844259834561998e-02,2.278043266171392023e-01,3.517841320957594831e-01,4.576999984411820876e-01,5.422495395820351449e-01,6.032502614119691353e-01,6.396534308417871628e-01,6.515021005306151913e-01,6.398406226232506988e-01,6.065849124017392846e-01,5.543639049480331149e-01,4.863430952918209593e-01,4.060408227006760407e-01,3.171471475887246427e-01,2.233538957268345893e-01,1.282028440179483475e-01,3.495723314788053149e-02,-5.350005366502848941e-02,-1.347400930237304950e-01,-2.068333822988772663e-01,-2.683686380587999576e-01,-3.184475355970420307e-01,-3.566588176576708236e-01,-3.830357231020160014e-01,-3.980009239811698185e-01,-4.023031435992552862e-01,-3.969493999949739171e-01,-3.831364258371112164e-01,-3.621843057712063607e-01,-3.354747929120691086e-01,-3.043961603552409190e-01,-2.702958480798900442e-01,-2.344416100131445357e-01,-1.979913722383511987e-01,-1.619715957532042172e-01,-1.272636032847804521e-01,-9.459708089723052604e-02,-6.454979802368318587e-02,-3.755249693284668649e-02,-1.389787476794399589e-02,6.247393031273545776e-03,2.282857161698476425e-02,3.588761377887566412e-02,4.554750342140950065e-02,5.199683582296300149e-02,5.547514463081232999e-02,5.625935898473428953e-02,5.465165622565908848e-02,5.096886979294085185e-02,4.553352058405420871e-02,3.866646512021861687e-02,3.068109729047596365e-02,2.187900521722213609e-02,1.254697635089734031e-02,2.955272610673151910e-03,-6.642817020958091678e-03,-1.600995829375474744e-02,-2.492174674973583054e-02,-3.316044617732335359e-02,-4.050286863466955739e-02,-4.669681090096126225e-02,-5.141380963482593269e-02,-5.415054918456998351e-02,-5.401704363915008772e-02,-4.930189670950367586e-02,-3.694329432590756634e-02,-1.513668168965051457e-02
8.489295767251764380e-01,8.316248869432307789e-01,7.804941829850786661e-01,6.977909127789069244e-01,5.871459922706975254e-01,4.533894922088640422e-01,3.023149722307749698e-01,1.403995939521363034e-01,-2.550470140601477503e-02,-1.884923425143610609e-01,-3.419206816342248989e-01,-4.797057186150192054e-01,-5.965823825802434310e-01,-6.883171812898063457e-01,-7.518640727104041188e-01,-7.854578664995365278e-01,-7.886430939850662680e-01,-7.622398621605523950e-01,-7.082515139678093874e-01,-6.297217669459608258e-01,-5.305512490485613242e-01,-4.152848960076931939e-01,-2.888824725620926515e-01,-1.564845347469391856e-01,-2.318551379587096770e-02,1.061756346579502130e-01,2.271984877950778692e-01,3.360712435918761232e-01,4.296834040645194364e-01,5.056988984190223801e-01,5.625896751866295009e-01,5.996317648785333132e-01,6.168674839105786623e-01,6.150387534843972936e-01,5.954974098471214061e-01,5.600988789024271552e-01,5.110856975170643413e-01,4.509671257875789152e-01,3.824005643352821338e-01,3.080797338327277979e-01,2.306336605722377198e-01,1.525395118113726800e-01,7.605130315885348657e-02,3.145514777836933614e-03,-6.451624918450721280e-02,-1.256082072199306843e-01,-1.791462438104958754e-01,-2.244804271888569958e-01,-2.612763101067190341e-01,-2.894873041846817707e-01,-3.093204655558656202e-01,-3.211979609195233509e-01,-3.257163209308868157e-01,-3.236053554630117235e-01,-3.156883257821697653e-01,-3.028446636320978325e-01,-2.859762157034220209e-01,-2.659776899741491119e-01,-2.437117005592797925e-01,-2.199885591786292227e-01,-1.955507500410707811e-01,-1.710618537915628845e-01,-1.470995555838520708e-01,-1.241522806893976677e-01,-1.026189451514512296e-01,-8.281128460406506075e-02,-6.495822664613064290e-02,-4.921179600188684000e-02,-3.565408209314999133e-02,-2.430485086682668272e-02,-1.512944246069322825e-02,-8.046659712336794862e-03,-2.936416189932779860e-03,3.530268397388092410e-04,1.998350532496134292e-03,2.195067083813108562e-03,1.152048574460722398e-03,-9.132694797410787586e-04,-3.778948056787307351e-03,-7.221722737056106983e-03,-1.101897367386054510e-02,-1.494879616169415143e-02,-1.878673784030951074e-02,-2.229618846551998518e-02,-2.520586535803207365e-02,-2.715962428731782605e-02,-2.760560967944700531e-02,-2.556629667135210462e-02,-1.935798053660804999e-02,-7.981097646671170970e-03
8.489295767251764380e-01,8.341075345680922792e-01,7.902291501128891893e-01,7.189732678659986886e-01,6.230557789999466856e-01,5.061120821768573252e-01,3.725406837929750026e-01,2.273157641991074562e-01,7.577785578781912057e-02,-7.658730002315944363e-02,-2.243712807532572129e-01,-3.624566505925911342e-01,-4.862122479361291050e-01,-5.916617749568421347e-01,-6.756189668146923566e-01,-7.357845024319130678e-01,-7.708018750217032755e-01,-7.802715467912265668e-01,-7.647247495397138106e-01,-7.255601526776249699e-01,-6.649482105081875316e-01,-5.857092507517998037e-01,-4.911722299092155519e-01,-3.850215373614000458e-01,-2.711392833139381064e-01,-1.534501829014341678e-01,-3.577549646701613795e-02,7.829843431342993487e-02,1.855326317700003447e-01,2.831257238004655230e-01,3.687800784603773585e-01,4.407431839310184118e-01,4.978247927012136032e-01,5.393913750267811391e-01,5.653402746539237800e-01,5.760566052902187373e-01,5.723563590044570271e-01,5.554194199912432239e-01,5.267162023638096713e-01,4.879314811712979760e-01,4.408886905155204872e-01,3.874775543298873415e-01,3.295874285738182308e-01,2.690482022568392306e-01,2.075800604576177877e-01,1.467528831997632899e-01,8.795556279276055267e-02,3.237508683863778852e-02,-1.901513313439823563e-02,-6.545849949154930458e-02,-1.064110594971678370e-01,-1.415310954941347288e-01,-1.706637094867288762e-01,-1.938216445230710461e-01,-2.111635400067909674e-01,-2.229707309272039306e-01,-2.296235827550230646e-01,-2.315782148039045585e-01,-2.293443147692106610e-01,-2.234645943218957487e-01,-2.144962870845457670e-01,-2.029949516134305076e-01,-1.895007172601202161e-01,-1.745270027154700865e-01,-1.585516471323673293e-01,-1.420103224003083087e-01,-1.252920419531822760e-01,-1.087365453114380459e-01,-9.263331679717677625e-02,-7.722198962708932968e-02,-6.269389085835058717e-02,-4.919449640997960310e-02,-3.682658669495167403e-02,-2.565392058923399166e-02,-1.570527720054172224e-02,-6.978750412177196598e-03,5.537793426094582850e-04,6.942026191864102309e-03,1.225250602618410851e-02,1.656346167069210062e-02,1.995926326935075837e-02,2.252378842446859167e-02,2.433176747558540159e-02,2.543594270826281950e-02,2.584528522566935035e-02,2.548340824756303510e-02,2.410272810387044731e-02,2.111090240443362284e-02,1.536052690037674126e-02,6.183428310621353653e-03
8.489295767251764380e-01,8.364040554458644916e-01,7.992600438599390955e-01,7.387190788323491075e-01,6.567645299727994379e-01,5.560665204264326755e-01,4.398813727448003807e-01,3.119300925216449416e-01,1.762611559295144403e-01,3.710346725888512970e-02,-1.012843364474668717e-01,-2.347620439664179492e-01,-3.594475807052704419e-01,-4.718429082360554583e-01,-5.689415288234915824e-01,-6.483139757529640113e-01,-7.081687639414028235e-01,-7.473874380172766951e-01,-7.655335258086592987e-01,-7.628363256503407630e-01,-7.401514735943179879e-01,-6.989011074100764942e-01,-6.409971345306234580e-01,-5.687515988022714408e-01,-4.847784160604581838e-01,-3.918908129639100957e-01,-2.929986697284593933e-01,-1.910096571909020990e-01,-8.873760105432947076e-02,1.117906467221018579e-02,1.063465402710493946e-01,1.946710704854722751e-01,2.743996833899305932e-01,3.441460795426539709e-01,4.029020966243088697e-01,4.500356995758829637e-01,4.852768765208838597e-01,5.086931471485449663e-01,5.206566095424420837e-01,5.218045660369750038e-01,5.129957857251179476e-01,4.952643916900829613e-01,4.697732186196580950e-01,4.377682866143220441e-01,4.005357958374997640e-01,3.593627800779020665e-01,3.155022802113057190e-01,2.701436242814294619e-01,2.243881407625288871e-01,1.792303945334061122e-01,1.355448278159188946e-01,9.407751510253826999e-02,5.544260402478533301e-02,2.012291336577113829e-02,-1.152590647222311374e-02,-3.926827903618390625e-02,-6.297930734827310306e-02,-8.263369470539626283e-02,-9.829355807377612719e-02,-1.100956587022374755e-01,-1.182385116826377841e-01,-1.229697672434998390e-01,-1.245741852448667836e-01,-1.233624537658671166e-01,-1.196610353689056272e-01,-1.138031625285866044e-01,-1.061210482207479572e-01,-9.693932967931827294e-02,-8.656972333985321622e-02,-7.530683718595562737e-02,-6.342506309911255524e-02,-5.117645634274851918e-02,-3.878950208607708644e-02,-2.646867037889778090e-02,-1.439467247294359299e-02,-2.725355487554760939e-03,8.402785675171260335e-03,1.887243051962550142e-02,2.858242336854152979e-02,3.744356163725493652e-02,4.537243636683530729e-02,5.228185047147222708e-02,5.806483987824082732e-02,6.256606049477791975e-02,6.552686830829788922e-02,6.647303915044482092e-02,6.447541838631333511e-02,5.765969309823713168e-02,4.261049641940984484e-02,1.731827669577339079e-02
8.489295767251764380e-01,8.385111359404294751e-01,8.075677557439090437e-01,7.569644482505303307e-01,6.881104212312377788e-01,6.029128067734252916e-01,5.037142903320599441e-01,3.932171562995761538e-01,2.743966540580118352e-01,1.504069550399812216e-01,2.448319403201579952e-02,-1.001568402809940445e-01,-2.204078792579143020e-01,-3.333659479428692785e-01,-4.364078234665118572e-01,-5.272587213838821896e-01,-6.040462949673151005e-01,-6.653396304890177859e-01,-7.101725467071109410e-01,-7.380511301928441847e-01,-7.489460324511204581e-01,-7.432705955071892134e-01,-7.218463392205538565e-01,-6.858577202450001353e-01,-6.367983487134157849e-01,-5.764110192240857744e-01,-5.066239776542726947e-01,-4.294858097165724087e-01,-3.471012102419565593e-01,-2.615696866058634384e-01,-1.749289807266332930e-01,-8.910467843994440695e-02,-5.867130171466120730e-03,7.320355022181233851e-02,1.467439948042613129e-01,2.136255206518636873e-01,2.729637253750798465e-01,3.241202315018462121e-01,3.666972918225533951e-01,4.005261375303810767e-01,4.256500695142774182e-01,4.423033615821037601e-01,4.508870658425367384e-01,4.519427897240868575e-01,4.461254571327464280e-01,4.341759797973726576e-01,4.168946560410394242e-01,3.951159901585048484e-01,3.696854930601830569e-01,3.414388900632938095e-01,3.111840300963383266e-01,2.796856666551136295e-01,2.476531681600152857e-01,2.157311164903331913e-01,1.844926690469160802e-01,1.544354924918117378e-01,1.259800253443175422e-01,9.946979125252927711e-02,7.517346387656541340e-02,5.328837640964122907e-02,3.394517207421257621e-02,1.721330457919495113e-02,3.107117597007939998e-03,-8.407742046352317117e-03,-1.740779332487323028e-02,-2.400525628825024918e-02,-2.834180533736517515e-02,-3.058266007484458301e-02,-3.091110265777678376e-02,-2.952348231572975504e-02,-2.662474268673976560e-02,-2.242448676999527629e-02,-1.713357866858955525e-02,-1.096127234238441529e-02,-4.112857445971146442e-03,3.212175622330737997e-03,1.082141939493704540e-02,1.853019171809379070e-02,2.616134182139637568e-02,3.354383511087934144e-02,4.050937761727552155e-02,4.688564916440863400e-02,5.248328780285378692e-02,5.707066440803097024e-02,6.032341005395427946e-02,6.171911438381084275e-02,6.031081223005580610e-02,5.426137333611487368e-02,4.027706700688812175e-02,1.641419014013969016e-02
8.489295767251764380e-01,8.404257292580776806e-01,8.151346045148215591e-01,7.736498207928340642e-01,7.169413835163778170e-01,6.463283197894810206e-01,5.634415443496453291e-01,4.701783180168643272e-01,3.686498231855858676e-01,2.611235907784649202e-01,1.499626553164230547e-01,3.756338496547299843e-02,-7.370606955067478261e-02,-1.815648373942430893e-01,-2.838741718471796682e-01,-3.786865453700141160e-01,-4.642877115733728410e-01,-5.392307340730717602e-01,-6.023612902120859536e-01,-6.528338766203529708e-01,-6.901188605633645778e-01,-7.140006237714351389e-01,-7.245673229779386881e-01,-7.221930344496338972e-01,-7.075132510917456763e-01,-6.813948551830978362e-01,-6.449017946510556820e-01,-5.992577454859573383e-01,-5.458070489773999556e-01,-4.859751733613787428e-01,-4.212298702021501917e-01,-3.530440826233302576e-01,-2.828615224223339775e-01,-2.120656736865785819e-01,-1.419528094075791225e-01,-7.370943214333974813e-02,-8.394376853783377598e-03,5.307435030594497699e-02,1.099280740957202657e-01,1.615515029816494141e-01,2.074826546614789158e-01,2.474090662258820184e-01,2.811607675599839262e-01,3.087005404024192878e-01,3.301120075044985391e-01,3.455860983696657507e-01,3.554064224394610227e-01,3.599340500353874761e-01,3.595921587892167426e-01,3.548509516878308734e-01,3.462131951515151074e-01,3.342006645157472589e-01,3.193417223994132192e-01,3.021601949028850931e-01,2.831656532162257212e-01,2.628451554844281612e-01,2.416564567513418971e-01,2.200226542064322166e-01,1.983282011778687293e-01,1.769161964483527139e-01,1.560868353642587414e-01,1.360968955091732546e-01,1.171601219091523705e-01,9.944837420634143610e-02,8.309340028611141016e-02,6.818910673865899441e-02,5.479420553691031343e-02,4.293512768425700177e-02,3.260910761257795193e-02,2.378735609731584197e-02,1.641825371921288440e-02,1.043051075629491085e-02,5.736252124241220454e-03,2.233996831196886738e-03,-1.884904937700308369e-04,-1.651494142985833772e-03,-2.280806945711591309e-03,-2.205381954373716522e-03,-1.555221646752133046e-03,-4.595852858844650117e-04,9.543398302283202404e-04,2.562033283392444512e-03,4.240981459546462953e-03,5.867700231423915620e-03,7.310148196064819581e-03,8.410362108966659700e-03,8.945742921003420681e-03,8.548457458718568963e-03,6.607085197462611754e-03,2.756071409962256545e-03
8.489295767251764380e-01,8.421450616000271117e-01,8.219444010830158076e-01,7.887203103855785491e-01,7.431162362041231484e-01,6.860109352322990572e-01,6.184973876892490008e-01,5.418567687962972945e-01,4.575282344744224794e-01,3.670753896644791681e-01,2.721503900349482863e-01,1.744566780533566841e-01,7.571137138504330233e-02,-2.239169443340831983e-02,-1.182173146523412127e-01,-2.102217773785812205e-01,-2.969824629065976884e-01,-3.772235267829495142e-01,-4.498371514926979842e-01,-5.139000004339545624e-01,-5.686846614076395134e-01,-6.136660197063797950e-01,-6.485226478578567377e-01,-6.731334354800377895e-01,-6.875698045113523005e-01,-6.920839590388603302e-01,-6.870937026707942819e-01,-6.731644183922536051e-01,-6.509888455036737520e-01,-6.213653058241325189e-01,-5.851750278784331183e-01,-5.433591949904486018e-01,-4.968963033454165124e-01,-4.467803618545110877e-01,-3.940004000326519096e-01,-3.395216762053527848e-01,-2.842688993228109084e-01,-2.291116965004353079e-01,-1.748524779304708732e-01,-1.222167735269195643e-01,-7.184604371900109310e-02,-2.429290193539227621e-02,1.998137016696627938e-02,6.060718089752201165e-02,9.730506380525628940e-02,1.298824213524680804e-01,1.582288264148460077e-01,1.823101401211194572e-01,2.021617054001558222e-01,2.178808691865256331e-01,2.296190736288668266e-01,2.375737389975274838e-01,2.419801394643148751e-01,2.431034486664161998e-01,2.412311060445225253e-01,2.366656283459452337e-01,2.297179642779398900e-01,2.207014648289408743e-01,2.099265178565314638e-01,1.976958736471883249e-01,1.843006686306619957e-01,1.700171375072991875e-01,1.551039898371391890e-01,1.398004156695048517e-01,1.243246760088182329e-01,1.088732277059336340e-01,9.362032858479292508e-02,7.871806709342507591e-02,6.429676134190545622e-02,5.046567492412214889e-02,3.731400134679919989e-02,2.491207525612574789e-02,1.331277720561446082e-02,2.553110034679823611e-03,-7.344059788233592984e-03,-1.636808098229303177e-02,-2.451836945577093307e-02,-3.180193548222107897e-02,-3.823040160470459609e-02,-4.381617157717656447e-02,-4.856711643442265802e-02,-5.247855744514955123e-02,-5.552009914074581415e-02,-5.761217613844673430e-02,-5.858102714708403325e-02,-5.806642190794814029e-02,-5.532447014284320314e-02,-4.882306681141055510e-02,-3.575002630269518561e-02,-1.445160989619390102e-02
8.489295767251764380e-01,8.436666377886588020e-01,8.279825083807083042e-01,8.021260043124706085e-01,7.665057512287341002e-01,7.216819836696946044e-01,6.683552179492997514e-01,6.073521872375037267e-01,5.396093898980512948e-01,4.661546576215580551e-01,3.880871932667938062e-01,3.065565584217113670e-01,2.227411068629218671e-01,1.378263621515309900e-01,5.298382585131834049e-02,-3.064932196210854234e-02,-1.119892049602814743e-01,-1.900225377771211921e-01,-2.638218961026030374e-01,-3.325587099067238706e-01,-3.955137868304990367e-01,-4.520852418295696618e-01,-5.017937783075792080e-01,-5.442853331744803569e-01,-5.793311616242513562e-01,-6.068254952906183552e-01,-6.267809584245607191e-01,-6.393219697647051225e-01,-6.446763920846714235e-01,-6.431657165715727320e-01,-6.351940851079819206e-01,-6.212364603872361224e-01,-6.018262520521843184e-01,-5.775426974079539422e-01,-5.489982786102609591e-01,-5.168264356083223099e-01,-4.816698066604465089e-01,-4.441691971276157669e-01,-4.049534436795421688e-01,-3.646303061794392009e-01,-3.237784844394777650e-01,-2.829408227518319663e-01,-2.426187324718317995e-01,-2.032678326941139424e-01,-1.652947818061783480e-01,-1.290552488623964711e-01,-9.485295358259458742e-02,-6.293968748949782532e-02,-3.351621627530301101e-02,-6.733954831416879248e-03,1.730269870924974057e-02,3.853348535703721850e-02,5.693897834763789190e-02,7.253695744398873380e-02,8.537856905912563632e-02,9.554436912081956668e-02,1.031403365687467988e-01,1.082939353875242011e-01,1.111502925006249420e-01,1.118685480136935584e-01,1.106184234966626351e-01,1.075770434886568899e-01,1.029260354157797847e-01,9.684892381342406764e-02,8.952882629697522798e-02,8.114645126497552208e-02,7.187839097814525957e-02,6.189569857896799060e-02,5.136273397659062850e-02,4.043626156286221629e-02,2.926478280011472408e-02,1.798808936339794939e-02,6.737028559477045361e-03,-4.366516485415088307e-03,-1.520941166228431153e-02,-2.568677304233075304e-02,-3.570108949441283541e-02,-4.516079507124533959e-02,-5.397798674901944926e-02,-6.206474327610132097e-02,-6.932704631830716169e-02,-7.565440040068124872e-02,-8.090135751884172666e-02,-8.485300831461001225e-02,-8.715702515967557740e-02,-8.718267090082339188e-02,-8.371787426864758797e-02,-7.434646594977363521e-02,-5.469065205370593485e-02,-2.217034809601697160e-02
8.489295767251764380e-01,8.449882463485635098e-01,8.332358958156945716e-01,8.138222418547239601e-01,7.869936359708775697e-01,7.530890087502539743e-01,7.125341763960205688e-01,6.658347327660713022e-01,6.135676774195318872e-01,5.563719553163373188e-01,4.949381044725148504e-01,4.299972235398270004e-01,3.623094816287599773e-01,2.926523975676565414e-01,2.218091151883146150e-01,1.505568953068368854e-01,7.965603413270570810e-02,9.839402327722273495e-03,-5.819722059637388173e-02,-1.238038647582021534e-01,-1.863840150401835649e-01,-2.454010840971292962e-01,-3.003836430115588985e-01,-3.509293682395818736e-01,-3.967076919342738539e-01,-4.374611700460740993e-01,-4.730056081490607300e-01,-5.032290081797354819e-01,-5.280894197486765140e-01,-5.476117970464577933e-01,-5.618839763727656589e-01,-5.710518998383650180e-01,-5.753142177951587888e-01,-5.749164061090926703e-01,-5.701445346623387200e-01,-5.613188206901477129e-01,-5.487870950239046586e-01,-5.329183013749670961e-01,-5.140961388399403198e-01,-4.927129462445050123e-01,-4.691639141850717509e-01,-4.438416970858525268e-01,-4.171314836574832596e-01,-3.894065701901205934e-01,-3.610244674729670700e-01,-3.323235590971564402e-01,-3.036203167191738883e-01,-2.752070667399902915e-01,-2.473502929458064048e-01,-2.202894510680636353e-01,-1.942362640171095001e-01,-1.693744607485221931e-01,-1.458599173195300192e-01,-1.238211556393507273e-01,-1.033601536388277092e-01,-8.455341998721968566e-02,-6.745328695703303734e-02,-5.208937645964444030e-02,-3.847019651645496030e-02,-2.658482836056809059e-02,-1.640466785023712848e-02,-7.885188786331286115e-03,-9.676999328597159396e-04,4.418928086359004068e-03,8.356585430065038844e-03,1.093631032208983687e-02,1.225675200587707930e-02,1.242271674551561310e-02,1.154380120163184080e-02,9.733115322649135356e-03,7.106095881105264044e-03,3.779412378851687657e-03,-1.300301553644023602e-04,-4.505981057661070412e-03,-9.233605802154626341e-03,-1.420008161745186723e-02,-1.929496067030779527e-02,-2.441018749937894430e-02,-2.943957631046227597e-02,-3.427740771357928179e-02,-3.881552828523714832e-02,-4.293778715966554277e-02,-4.650949632387767901e-02,-4.935708556233577016e-02,-5.122736854547802615e-02,-5.170237094916305121e-02,-5.001571942145779243e-02,-4.467467574277367293e-02,-3.300024979664915870e-02,-1.341099932012504957e-02
8.489295767251764380e-01,8.461079640252509027e-01,8.376931880046408763e-01,8.237698652387325238e-01,8.044774248170583064e-01,7.800082897101354718e-01,7.506052393820618063e-01,7.165581008372360339e-01,6.781998266302815548e-01,6.359020286046529469e-01,5.900700449052244112e-01,5.411376249168873276e-01,4.895613220810318689e-01,4.358146879505698790e-01,3.803823623262206355e-01,3.237541538840831845e-01,2.664192034158877620e-01,2.088603177605418415e-01,1.515485568505312297e-01,9.493814920528702295e-02,3.946180288077449916e-02,-1.447353044302738048e-02,-6.649039064489295492e-02,-1.162440066252843074e-01,-1.634249299210121797e-01,-2.077610892184108549e-01,-2.490192611654192811e-01,-2.870059630973359477e-01,-3.215677828698383922e-01,-3.525911697661717747e-01,-3.800017182715110242e-01,-4.037629832754054404e-01,-4.238748708937832288e-01,-4.403716535474256344e-01,-4.533196611771413975e-01,-4.628147025292846384e-01,-4.689792713476215180e-01,-4.719595921213675105e-01,-4.719225588477586886e-01,-4.690526181704355313e-01,-4.635486453651010419e-01,-4.556208580831475619e-01,-4.454878086594170616e-01,-4.333734912707292164e-01,-4.195045954245953945e-01,-4.041079322851475197e-01,-3.874080553212745359e-01,-3.696250917964892246e-01,-3.509727968063426351e-01,-3.316568369904782099e-01,-3.118733067729215769e-01,-2.918074760730587913e-01,-2.716327649249705156e-01,-2.515099373756939372e-01,-2.315865044229609426e-01,-2.119963236083484137e-01,-1.928593812009788133e-01,-1.742817416798033703e-01,-1.563556484313423922e-01,-1.391597592009860274e-01,-1.227594998409735488e-01,-1.072075202546922262e-01,-9.254423711025144828e-02,-7.879844884970252372e-02,-6.598800971676446747e-02,-5.412055092848017113e-02,-4.319423869001169647e-02,-3.319856046584773041e-02,-2.411513275239791920e-02,-1.591852553866394612e-02,-8.577100713390921685e-03,-2.053863948018384671e-03,3.692667788004746262e-03,8.707577625598332885e-03,1.303862909097380264e-02,1.673529833994361754e-02,1.984772998245516382e-02,2.242556837054800536e-02,2.451658041785978806e-02,2.616491885725436353e-02,2.740874439583990477e-02,2.827666217513065058e-02,2.878187518696181946e-02,2.891174405114209367e-02,2.860766879478221156e-02,2.772372253984999382e-02,2.593804817215503156e-02,2.257085531688308305e-02,1.636309163252202756e-02,6.575223668059927522e-03
8.489295767251764380e-01,8.470241597262256894e-01,8.413447075047161272e-01,8.319354408688739433e-01,8.188692699680986120e-01,8.022470944551747252e-01,7.821967023086461301e-01,7.588713819778399872e-01,7.324482679594179757e-01,7.031264435492863285e-01,6.711248277633194981e-01,6.366798761874228330e-01,6.000431277544266973e-01,5.614786311191822810e-01,5.212602853935923708e-01,4.796691305020623908e-01,4.369906223292783221e-01,3.935119271723285794e-01,3.495192688052422558e-01,3.052953597535227881e-01,2.611169462058153257e-01,2.172524934138170827e-01,1.739600355105993257e-01,1.314852104769996255e-01,9.005949757416630008e-02,4.989867100748950068e-02,1.120147996293877068e-02,-2.585143847103386905e-02,-6.109841054903380336e-02,-9.439734177904063328e-02,-1.256261012620799866e-01,-1.546826812671592832e-01,-1.814851416216858304e-01,-2.059713509703075540e-01,-2.280985391006475627e-01,-2.478426763342650441e-01,-2.651976974252794328e-01,-2.801745884945058829e-01,-2.928003562581837915e-01,-3.031168991981309513e-01,-3.111798003811598878e-01,-3.170570613914608371e-01,-3.208277963162581847e-01,-3.225809039513675702e-01,-3.224137354009461998e-01,-3.204307730676054233e-01,-3.167423356988274818e-01,-3.114633227068636656e-01,-3.047120094446195138e-01,-2.966089035306898047e-01,-2.872756707020098776e-01,-2.768341370592102835e-01,-2.654053729820010088e-01,-2.531088624509141849e-01,-2.400617600358942449e-01,-2.263782364172131911e-01,-2.121689120030996745e-01,-1.975403770125036262e-01,-1.825947953105397370e-01,-1.674295883278922870e-01,-1.521371945743677234e-01,-1.368048995838657411e-01,-1.215147306208603228e-01,-1.063434101617000832e-01,-9.136236207291315026e-02,-7.663776459345217340e-02,-6.223064475999156436e-02,-4.819700989600649021e-02,-3.458801336284135497e-02,-2.145015415785020765e-02,-8.825513459780137682e-03,3.247963644306827921e-03,1.473612548036659295e-02,2.560818315391113695e-02,3.583614780742661737e-02,4.539406460235372726e-02,5.425692816176316824e-02,6.239908936429426622e-02,6.979183110987020877e-02,7.639954710033057539e-02,8.217348989441727869e-02,8.704111642348455469e-02,9.088709184176567424e-02,9.351769551221085497e-02,9.459049956496538847e-02,9.346809537135154777e-02,8.890328702209242262e-02,7.839131323544362706e-02,5.738178736810153890e-02,2.319361026899890293e-02
8.489295767251764380e-01,8.477354978710043287e-01,8.441825112958214472e-01,8.382914490514724593e-01,8.300966230749344810e-01,8.196456328803013447e-01,8.069989652459362839e-01,7.922294875455787588e-01,7.754218405911414980e-01,7.566717379139008548e-01,7.360851794143321580e-01,7.137775882024419705e-01,6.898728802146113503e-01,6.645024768195820775e-01,6.378042711079967564e-01,6.099215588921096387e-01,5.810019456229691404e-01,5.511962404618659939e-01,5.206573486242053184e-01,4.895391728525180786e-01,4.579955344785822668e-01,4.261791240122085322e-01,3.942404905574277696e-01,3.623270786185128767e-01,3.305823200325328504e-01,2.991447878669764582e-01,2.681474181661119838e-01,2.377168044339879605e-01,2.079725687215670249e-01,1.790268121558457604e-01,1.509836467253304060e-01,1.239388091333792075e-01,9.797935656181060160e-02,7.318344326442605130e-02,4.962017604432762685e-02,2.734954586976855173e-02,6.422432158492964900e-03,-1.311932438309823361e-02,-3.124278503792484937e-02,-4.792371761430824773e-02,-6.314634775952915335e-02,-7.690306285748169102e-02,-8.919407451386764107e-02,-1.000270457410450259e-01,-1.094166889779335100e-01,-1.173843410222092931e-01,-1.239575208168937626e-01,-1.291694758262277587e-01,-1.330587224618033637e-01,-1.356685856847333060e-01,-1.370467425187556210e-01,-1.372447737680105029e-01,-1.363177277474821869e-01,-1.343236993089590714e-01,-1.313234268865711984e-01,-1.273799096993214752e-01,-1.225580466400286589e-01,-1.169242977584396409e-01,-1.105463686205830631e-01,-1.034929172089156663e-01,-9.583328243498612231e-02,-8.763723278997465060e-02,-7.897473318795204811e-02,-6.991572770140420945e-02,-6.052993570066080714e-02,-5.088665895800791733e-02,-4.105459765553750445e-02,-3.110167406664282944e-02,-2.109486413152447670e-02,-1.110003944937620196e-02,-1.181825697432640132e-03,8.596511340494319628e-03,1.817313331238779375e-02,2.748762018353333170e-02,3.648083689563151599e-02,4.509460100191036575e-02,5.327103220085635527e-02,6.095138974094711087e-02,6.807407142779900444e-02,7.457120462028773988e-02,8.036279235750994066e-02,8.534644072291559802e-02,8.937872820076893376e-02,9.223996461737463126e-02,9.356422230010637275e-02,9.269344607784135714e-02,8.836313462349733305e-02,7.805528823798298099e-02,5.721116718330422624e-02,2.314321784402230756e-02
8.489295767251764380e-01,8.482409411386701015e-01,8.462004208011092432e-01,8.428164406637620454e-01,8.381028003977208929e-01,8.320786839332785512e-01,8.247685402410810385e-01,8.162019318044658744e-01,8.064133521613607858e-01,7.954420141036131486e-01,7.833316103597681712e-01,7.701300488088426155e-01,7.558891644716144720e-01,7.406644106997865018e-01,7.245145321302635111e-01,7.075012220903372784e-01,6.896887672288845028e-01,6.711436822081671139e-01,6.519343373203728698e-01,6.321305818928234510e-01,6.118033663164983427e-01,5.910243654750833020e-01,5.698656062675105938e-01,5.483991018074979573e-01,5.266964947508750994e-01,5.048287120475618561e-01,4.828656332424101638e-01,4.608757742601150009e-01,4.389259884068423268e-01,4.170811861077273752e-01,3.954040746777631177e-01,3.739549191967644903e-01,3.527913253295325569e-01,3.319680447031002624e-01,3.115368032262740838e-01,2.915461525154539046e-01,2.720413443767767392e-01,2.530642280907463570e-01,2.346531700530731512e-01,2.168429951467529815e-01,1.996649490567344865e-01,1.831466805915028806e-01,1.673122429466030459e-01,1.521821127347041114e-01,1.377732255160922514e-01,1.240990264931711995e-01,1.111695349832875213e-01,9.899142125636967160e-02,8.756809431787100639e-02,7.689979923351550339e-02,6.698372263052272679e-02,5.781410507037100521e-02,4.938235907052809098e-02,4.167719165669977327e-02,3.468473045242110447e-02,2.838865245822510749e-02,2.277031483676579537e-02,1.780888720093110056e-02,1.348148509597924156e-02,9.763304569652625844e-03,6.627757930029153262e-03,4.046610991232540457e-03,1.990122291389210055e-03,4.271849212471561918e-04,-6.745282922573286660e-04,-1.348415468059068010e-03,-1.628791503269245164e-03,-1.550728538973425051e-03,-1.149890920901558118e-03,-4.623651320135159048e-04,4.755138945554476739e-04,1.627337315184786007e-03,2.956793046134522079e-03,4.427825017359190291e-03,6.004769298595229350e-03,7.652449047034533790e-03,9.336200161979417086e-03,1.102178278813256175e-02,1.267510457741367023e-02,1.426162811994722245e-02,1.574523245452022838e-02,1.708609310564949621e-02,1.823671406316209470e-02,1.913429885321623128e-02,1.968548299059065532e-02,1.973438529547322240e-02,1.899367215256075533e-02,1.690256930111010136e-02,1.245409114438253938e-02,5.053795024908783184e-03
8.489295767251764380e-01,8.485397526035627358e-01,8.473940452706197890e-01,8.454951594862897268e-01,8.428474254041172786e-01,8.394568742341000922e-01,8.353312129326213586e-01,8.304797918568466164e-01,8.249135656477014633e-01,8.186450475957484096e-01,8.116882577793679276e-01,8.040586653017391949e-01,7.957731249883500668e-01,7.868498089393443085e-01,7.773081333606216559e-01,7.671686811239617487e-01,7.564531205294093841e-01,7.451841207626169750e-01,7.333852645556191430e-01,7.210809585716551062e-01,7.082963420430494761e-01,6.950571941958501032e-01,6.813898409959648905e-01,6.673210617489824248e-01,6.528779960798011262e-01,6.380880518088324349e-01,6.229788142289367503e-01,6.075779572716646371e-01,5.919131570329652092e-01,5.760120081075283949e-01,5.599019431574996375e-01,5.436101561158147577e-01,5.271635293968889302e-01,5.105885654582374977e-01,4.939113230259384868e-01,4.771573582648755418e-01,4.603516711415523432e-01,4.435186571932385746e-01,4.266820648821329498e-01,4.098649586774440468e-01,3.930896879716404557e-01,3.763778618995937131e-01,3.597503300908954094e-01,3.432271693460461348e-01,3.268276761863123103e-01,3.105703651845425628e-01,2.944729729397994045e-01,2.785524675119492310e-01,2.628250630829957468e-01,2.473062395595457263e-01,2.320107667751523939e-01,2.169527328921586340e-01,2.021455765401377613e-01,1.876021221625476521e-01,1.733346179755234362e-01,1.593547758745283149e-01,1.456738125580880894e-01,1.323024910769055595e-01,1.192511619663282757e-01,1.065298030877295382e-01,9.414805729970257553e-02,8.211526711613614804e-02,7.044050560268685923e-02,5.913260293859813610e-02,4.820016835733392097e-02,3.765160761661920374e-02,2.749513678951239284e-02,1.773879408601905169e-02,8.390452712826365275e-03,-5.421603917007123113e-04,-9.051432518482852019e-03,-1.712980869766150480e-02,-2.476969416851521749e-02,-3.196329104493098039e-02,-3.870233174630142992e-02,-4.497765146696098421e-02,-5.077850826086252600e-02,-5.609150132306364028e-02,-6.089883452082289067e-02,-6.517548036960323088e-02,-6.888442995272760216e-02,-7.196847186215531156e-02,-7.433538569032470400e-02,-7.583001801537811448e-02,-7.617889410261800831e-02,-7.487474171408002588e-02,-7.092766546169981812e-02,-6.235285464200444883e-02,-4.554730464489827740e-02,-1.838780096189440716e-02
8.489295767251764380e-01,8.486314972518057553e-01,8.477607983913546530e-01,8.463186291957486285e-01,8.443067440281465386e-01,8.417275907529847556e-01,8.385843051000760884e-01,8.348807033772425168e-01,8.306212736273809183e-01,8.258111652818913573e-01,8.204561773651979362e-01,8.145627453120141137e-01,8.081379264665217166e-01,8.011893843401368676e-01,7.937253717119540086e-01,7.857547126631746481e-01,7.772867836438869249e-01,7.683314936773889547e-01,7.588992638138744029e-01,7.490010059516747365e-01,7.386481011503737149e-01,7.278523775659997419e-01,7.166260881440318364e-01,7.049818882112757201e-01,6.929328131125710444e-01,6.804922560428834366e-01,6.676739462295161465e-01,6.544919276229177463e-01,6.409605382577973076e-01,6.270943904489422183e-01,6.129083519881541875e-01,5.984175285099919694e-01,5.836372471944065721e-01,5.685830419737002428e-01,5.532706404093982178e-01,5.377159524013220837e-01,5.219350608861648144e-01,5.059442146758780234e-01,4.897598235768248487e-01,4.733984559185257512e-01,4.568768386054460895e-01,4.402118597860973925e-01,4.234205742101899150e-01,4.065202113159470110e-01,3.895281860553496123e-01,3.724621124241919157e-01,3.553398196156786204e-01,3.381793706601119998e-01,3.209990833483173378e-01,3.038175531623155678e-01,2.866536778530203722e-01,2.695266832114674438e-01,2.524561494778000958e-01,2.354620377221830763e-01,2.185647154161813599e-01,2.017849802953949057e-01,1.851440814994080308e-01,1.686637368705748707e-01,1.523661452087591850e-01,1.362739922280370441e-01,1.204104489609662543e-01,1.047991614287620693e-01,8.946423057060672035e-02,7.443018173935027348e-02,5.972192357183453426e-02,4.536469679198876226e-02,3.138401458608882505e-02,1.780559771447509654e-02,4.655309651575569377e-03,-8.040899989715575777e-03,-2.025703133348907489e-02,-3.196703107296084562e-02,-4.314472327832689913e-02,-5.376363424888289805e-02,-6.379665141917612026e-02,-7.321542415638696011e-02,-8.198936080232054058e-02,-9.008398414206288118e-02,-9.745824277801516666e-02,-1.040600704657522746e-01,-1.098188967400487576e-01,-1.146326297219903284e-01,-1.183441512673046314e-01,-1.206969214715480215e-01,-1.212468434762890707e-01,-1.191784316138210370e-01,-1.129086063661292882e-01,-9.927089437916489234e-02,-7.252288304182766265e-02,-2.928013174240724770e-02
8.489295767251764380e-01,8.485160428734808136e-01,8.472999080267031857e-01,8.452842043047541498e-01,8.424738091839486520e-01,8.388755150479498823e-01,8.344979999180528463e-01,8.293517900690481337e-01,8.234492148314307425e-01,8.168043538783194002e-01,8.094329773375422699e-01,8.013524791128158187e-01,7.925818038390982645e-01,7.831413679349927826e-01,7.730529752492547590e-01,7.623397278286523360e-01,7.510259323605147364e-01,7.391370028650211532e-01,7.266993602296319965e-01,7.137403291908430703e-01,7.002880333767590448e-01,6.863712890277031686e-01,6.720194980114120309e-01,6.572625407442374001e-01,6.421306696204864828e-01,6.266544035385990252e-01,6.108644240955548588e-01,5.947914739999473621e-01,5.784662582297590561e-01,5.619193484332819510e-01,5.451810910412357991e-01,5.282815195249890294e-01,5.112502712004732830e-01,4.941165089398977250e-01,4.769088481142255143e-01,4.596552890486369503e-01,4.423831552312905147e-01,4.251190374727026877e-01,4.078887441692441995e-01,3.907172577798037061e-01,3.736286975796198617e-01,3.566462887098885703e-01,3.397923374959337939e-01,3.230882129606242881e-01,3.065543344133240256e-01,2.902101649479484347e-01,2.740742106367328179e-01,2.581640251590514579e-01,2.424962195572391288e-01,2.270864767638926807e-01,2.119495704980062789e-01,1.970993880808819265e-01,1.825489566778983608e-01,1.683104724300008292e-01,1.543953319007231040e-01,1.408141652329655824e-01,1.275768703874695098e-01,1.146926478259296667e-01,1.021700350111056088e-01,9.001694013072314426e-02,7.824067451991395528e-02,6.684798336937185226e-02,5.584507447712865058e-02,4.523764504904781436e-02,3.503090690024002890e-02,2.522961088833359025e-02,1.583807206322281058e-02,6.860197908446871717e-03,-1.700476732357565678e-03,-9.840742765659755628e-03,-1.755765034681706915e-02,-2.484841171036039284e-02,-3.171025723718563782e-02,-3.814022099347198075e-02,-4.413481992009100213e-02,-4.968957127857437372e-02,-5.479826013110324079e-02,-5.945181172845466488e-02,-6.363652166309677338e-02,-6.733120717274433675e-02,-7.050247756215795303e-02,-7.309658776074434705e-02,-7.502479944145740154e-02,-7.613579652980323464e-02,-7.616097972856317178e-02,-7.460040577734645961e-02,-7.047698573376517950e-02,-6.183038481582928819e-02,-4.510128877854967244e-02,-1.819235842956092378e-02
8.489295767251764380e-01,8.481935603274093349e-01,8.460124190284847856e-01,8.423955846324062691e-01,8.373585325498492660e-01,8.309227717802787350e-01,8.231157076358238678e-01,8.139704673113441480e-01,8.035256898989219243e-01,7.918252826976315273e-01,7.789181459472546143e-01,7.648578683720358429e-01,7.497023961511899426e-01,7.335136781337991962e-01,7.163572902848417412e-01,6.983020424848301877e-01,6.794195709068473477e-01,6.597839192609780135e-01,6.394711122272741521e-01,6.185587243945833702e-01,5.971254479848371322e-01,5.752506625717801469e-01,5.530140099013226562e-01,5.304949767897427781e-01,5.077724889180504908e-01,4.849245181587295006e-01,4.620277058674674420e-01,4.391570043506341503e-01,4.163853384821051828e-01,3.937832891941524527e-01,3.714188003096285384e-01,3.493569099200822259e-01,3.276595072499920991e-01,3.063851156842734569e-01,2.855887023777210487e-01,2.653215146139659142e-01,2.456309428408527673e-01,2.265604100811804411e-01,2.081492872050183240e-01,1.904328333544559604e-01,1.734421606352339051e-01,1.572042220341729468e-01,1.417418213877028321e-01,1.270736441161606223e-01,1.132143073517986875e-01,1.001744280257944597e-01,8.796070744145305376e-02,7.657603084694750151e-02,6.601958053099797608e-02,5.628696099813563364e-02,4.737033483557281238e-02,3.925856795963587192e-02,3.193738302447549082e-02,2.538951988687323386e-02,1.959490214542515887e-02,1.453080890663446811e-02,1.017205107014910147e-02,6.491151565065435107e-03,3.458529102847602080e-03,1.042685132364528635e-03,-7.896062198266709607e-04,-2.073105375605468169e-03,-2.843911828664235503e-03,-3.139266132974328962e-03,-2.997349635197900201e-03,-2.457082433669193627e-03,-1.557920366326833632e-03,-3.396522952708466931e-04,1.157800393417600208e-03,2.894579261277664857e-03,4.831075219644798656e-03,6.928100117292283061e-03,9.147035346207942064e-03,1.144994574175955092e-02,1.379964162761134101e-02,1.615966323300338861e-02,1.849414743889928048e-02,2.076751224614154304e-02,2.294385044700365459e-02,2.498584246870545061e-02,2.685284107362705813e-02,2.849746445952976159e-02,2.985937072228569272e-02,3.085343024938411866e-02,3.134618206630625931e-02,3.110667055972660480e-02,2.970043917483322637e-02,2.627122745367634071e-02,1.927537142237983545e-02,7.802251087367613643e-03
8.489295767251764380e-01,8.476645231776677170e-01,8.439011891056914516e-01,8.376627931913249725e-01,8.289876030871339285e-01,8.179286895706737726e-01,8.045534658253724603e-01,7.889431045013205468e-01,7.711918394053021153e-01,7.514061599135987146e-01,7.297039073711327761e-01,7.062132837774894867e-01,6.810717839467573809e-01,6.544250630521669665e-01,6.264257520197519247e-01,5.972322336123371267e-01,5.670073922438796377e-01,5.359173505851988484e-01,5.041302058693768462e-01,4.718147784848913950e-01,4.391393849662861837e-01,4.062706468672637183e-01,3.733723462432539386e-01,3.406043375951672281e-01,3.081215251501213115e-01,2.760729132962663757e-01,2.446007368662789783e-01,2.138396767965762835e-01,1.839161654957896519e-01,1.549477850553689084e-01,1.270427602452877114e-01,1.002995470755846802e-01,7.480651658611020549e-02,5.064173246633939945e-02,2.787282011751456012e-02,6.556923861609407177e-03,-1.325925181511121258e-02,-3.153932181468169921e-02,-4.825702622168803746e-02,-6.339596829247817755e-02,-7.694929099169643683e-02,-8.891929871908695049e-02,-9.931703105334668824e-02,-1.081617954203410170e-01,-1.154806655747986632e-01,-1.213079526737754349e-01,-1.256846555236033613e-01,-1.286578963077992521e-01,-1.302803477601956750e-01,-1.306096573448624898e-01,-1.297078735522297910e-01,-1.276408789298094648e-01,-1.244778339470301726e-01,-1.202906352585314531e-01,-1.151533913908266843e-01,-1.091419183461735942e-01,-1.023332571080955572e-01,-9.480521455950963183e-02,-8.663592890209910469e-02,-7.790346031110263747e-02,-6.868540729162067593e-02,-5.905854904172355008e-02,-4.909851409844606662e-02,-3.887947567414646449e-02,-2.847387441892079013e-02,-1.795216991685307656e-02,-7.382623104252969588e-03,3.168886920937705100e-03,1.363900640926688120e-02,2.396700292564216128e-02,3.409480223333609394e-02,4.396694921850495541e-02,5.353046801982896952e-02,6.273458432227480008e-02,7.153025347011637836e-02,7.986940655611737827e-02,8.770377361235859315e-02,9.498305086873012892e-02,1.016520135616260645e-01,1.076458681724720562e-01,1.128825445132789762e-01,1.172494359654095847e-01,1.205795955289550303e-01,1.226069095720284524e-01,1.228772295249583729e-01,1.205631130544843888e-01,1.140646193838966427e-01,1.001873833666395985e-01,7.314268052516512131e-02,2.951861443284153549e-02
8.489295767251764380e-01,8.469297067031190673e-01,8.409708777749256292e-01,8.311021176799204824e-01,8.174042732141958423e-01,7.999891776358099005e-01,7.789983848809534095e-01,7.546015750047433412e-01,7.269946544327813287e-01,6.963975788713044901e-01,6.630519305185258450e-01,6.272182844405180813e-01,5.891734015663784296e-01,5.492072876807839732e-01,5.076201590238569317e-01,4.647193556396326253e-01,4.208162434512670580e-01,3.762231452033558132e-01,3.312503389327994263e-01,2.862031605549296143e-01,2.413792445375861628e-01,1.970659335478653906e-01,1.535378844674401277e-01,1.110548943609271644e-01,6.985996592985106723e-02,3.017762777566213722e-02,-7.787479487619403118e-03,-4.385174450658999717e-02,-7.785345127479843808e-02,-1.096533714957471373e-01,-1.391350885016340022e-01,-1.662050615447061286e-01,-1.907924424895617033e-01,-2.128486597805846758e-01,-2.323467870090358822e-01,-2.492807154391039337e-01,-2.636641514602914294e-01,-2.755294611136220317e-01,-2.849263845975906762e-01,-2.919206440114154311e-01,-2.965924675593868964e-01,-2.990350530483167346e-01,-2.993529927928378909e-01,-2.976606810368913059e-01,-2.940807237433369359e-01,-2.887423691383479984e-01,-2.817799757649033232e-01,-2.733315330421471900e-01,-2.635372474854403291e-01,-2.525382058549210385e-01,-2.404751246052620750e-01,-2.274871931403028569e-01,-2.137110165644737214e-01,-1.992796618961128752e-01,-1.843218100901370948e-01,-1.689610147297414544e-01,-1.533150669061655591e-01,-1.374954646262331048e-01,-1.216069840807148805e-01,-1.057473492817355698e-01,-9.000699594222426325e-02,-7.446892503206610503e-02,-5.920864121269117653e-02,-4.429417133599559964e-02,-2.978615841299162709e-02,-1.573802694197315444e-02,-2.196216283760950034e-03,1.079952003764327560e-02,2.321574951669184636e-02,3.502492828737478053e-02,4.620489560269974011e-02,5.673828438291421417e-02,6.661182918465174962e-02,7.581554076378545226e-02,8.434169699470384085e-02,9.218356808887681608e-02,9.933374036685072017e-02,1.057818094983115770e-01,1.115110466200780331e-01,1.164933296806278940e-01,1.206810327950275097e-01,1.239933629314059760e-01,1.262921100805241004e-01,1.273362435769849477e-01,1.266921385531333266e-01,1.235466397408127720e-01,1.163044137593449295e-01,1.017590554406464093e-01,7.408472693731407710e-02,2.984919613868177585e-02
8.489295767251764380e-01,8.459901862834114938e-01,8.372279284582605507e-01,8.227360160695701419e-01,8.026680149994095403e-01,7.772357269588572315e-01,7.467061657557284571e-01,7.113977662684881631e-01,6.716758949621547403e-01,6.279477427758105579e-01,5.806566914548462188e-01,5.302762526454664060e-01,4.773036851570510164e-01,4.222533996317486271e-01,3.656502614004247809e-01,3.080229015679680771e-01,2.498971434325389096e-01,1.917896463288873421e-01,1.342018620685726249e-01,7.761439054447309693e-02,2.248181102188936617e-02,-3.077194557141864698e-02,-8.175763012626469095e-02,-1.301240740270956930e-01,-1.755609253649491330e-01,-2.178007079257452960e-01,-2.566202007768434989e-01,-2.918411482928934819e-01,-3.233303216806290292e-01,-3.509989632807769544e-01,-3.748016539783762813e-01,-3.947346518127983761e-01,-4.108337562558457279e-01,-4.231717575697949707e-01,-4.318555341527617886e-01,-4.370228628479171373e-01,-4.388390078884071843e-01,-4.374931535534002935e-01,-4.331947438277564677e-01,-4.261697895139948122e-01,-4.166571994808260793e-01,-4.049051881979190415e-01,-3.911678065580464492e-01,-3.757016373824506039e-01,-3.587626910976496331e-01,-3.406035310098568525e-01,-3.214706515250300156e-01,-3.016021266944491352e-01,-2.812255407196203594e-01,-2.605562066225400319e-01,-2.397956742578381539e-01,-2.191305242749169990e-01,-1.987314405771862247e-01,-1.787525503017423356e-01,-1.593310173708748223e-01,-1.405868732471320104e-01,-1.226230666438814509e-01,-1.055257125801501161e-01,-8.936452028932555247e-02,-7.419337905613275497e-02,-6.005108101984991953e-02,-4.696216029543656689e-02,-3.493782837831646559e-02,-2.397698666441911569e-02,-1.406729798960193456e-02,-5.186300332887008348e-03,2.697452793270565478e-03,9.623239240921314594e-03,1.563701476005084634e-02,2.079026972891236807e-02,2.513890462620665261e-02,2.874213040683316553e-02,3.166139695478531468e-02,3.395934878433425758e-02,3.569880143563931851e-02,3.694172331338452242e-02,3.774819378043543783e-02,3.817528490233178945e-02,3.827577313252070873e-02,3.809651194326833801e-02,3.767615250778575536e-02,3.704161208910266428e-02,3.620208869044295313e-02,3.513810397224965965e-02,3.378004877697617786e-02,3.196367437831223318e-02,2.933434189203577847e-02,2.514997770205329441e-02,1.804138969547605664e-02,7.203894725683250219e-03
8.489295767251764380e-01,8.448473351670298115e-01,8.326805438344525578e-01,8.125929870718401338e-01,7.848540501447195394e-01,7.498340499043780749e-01,7.079977326370069379e-01,6.598961644159344608e-01,6.061571910690717324e-01,5.474746742530264276e-01,4.845967341197278677e-01,4.183132470689288063e-01,3.494428587221594107e-01,2.788197773485451836e-01,2.072806115337853805e-01,1.356515081139029744e-01,6.473583267695107168e-02,-4.697384188634235597e-03,-7.192403556924721608e-02,-1.362743902744018576e-01,-1.971412675400019965e-01,-2.539868266237758632e-01,-3.063478976571288315e-01,-3.538398144743418738e-01,-3.961587438224181690e-01,-4.330825375232904562e-01,-4.644701640614209981e-01,-4.902598030564463416e-01,-5.104657096236175917e-01,-5.251739753237351094e-01,-5.345373279908282038e-01,-5.387691240636616197e-01,-5.381366941270826487e-01,-5.329542053008156088e-01,-5.235752031128115824e-01,-5.103849908704902738e-01,-4.937929966806933191e-01,-4.742252676114673826e-01,-4.521172175196281340e-01,-4.279067402944896070e-01,-4.020277842028612825e-01,-3.749044661667867429e-01,-3.469457876431208954e-01,-3.185409967474184256e-01,-2.900556247730754489e-01,-2.618282096475660903e-01,-2.341677044311155642e-01,-2.073515559297133548e-01,-1.816244270343491118e-01,-1.571975266232215063e-01,-1.342485028291921512e-01,-1.129218491853100081e-01,-9.332976857548398730e-02,-7.555343695400466852e-02,-5.964460734268860198e-02,-4.562749452752350166e-02,-3.350088199834847652e-02,-2.324039483268154974e-02,-1.480088523918121970e-02,-8.118881166451730538e-03,-3.115052571477774923e-03,3.033455419218208438e-04,2.240089522016037397e-03,2.807694414913046964e-03,2.125239192875407607e-03,3.163324825750885114e-04,-2.492762524731174240e-03,-6.174828718999586692e-03,-1.060320876248663051e-02,-1.565312120002637988e-02,-2.120276909366294524e-02,-2.713423041768621077e-02,-3.333411624663196182e-02,-3.969397598449338899e-02,-4.611041634571844822e-02,-5.248487862861183489e-02,-5.872297991650345106e-02,-6.473325482535602360e-02,-7.042500929954981226e-02,-7.570476446489525502e-02,-8.047031746218576143e-02,-8.460053984196540255e-02,-8.793713310128743743e-02,-9.025039133135318026e-02,-9.117148951146065994e-02,-9.005152839420851874e-02,-8.565801706782347202e-02,-7.555016234552312804e-02,-5.531895430199384317e-02,-2.236468910245499944e-02
8.489295767251764380e-01,8.435028216291078351e-01,8.273386545887521093e-01,8.007074065576526012e-01,7.640527588864759467e-01,7.179823770971626162e-01,6.632550380574009363e-01,6.007646664861917563e-01,5.315216933685628087e-01,4.566322133941027039e-01,3.772754684857806406e-01,2.946802184911566092e-01,2.101005774113352542e-01,1.247918939735750826e-01,3.998723931696163830e-02,-4.312496699182789828e-02,-1.234217070180304854e-01,-1.998640628191741264e-01,-2.715135031348747674e-01,-3.375454737552035511e-01,-3.972600871395687294e-01,-4.500897893181542986e-01,-4.956039641891765712e-01,-5.335105145516740865e-01,-5.636545333311238082e-01,-5.860142454998982231e-01,-6.006944595458296732e-01,-6.079178157599610666e-01,-6.080141562593938120e-01,-6.014083680975760293e-01,-5.886070659990924048e-01,-5.701844855116761090e-01,-5.467679513454071216e-01,-5.190232702993134994e-01,-4.876403746167160547e-01,-4.533195111887700635e-01,-4.167582361756588805e-01,-3.786394348218601880e-01,-3.396205439860313091e-01,-3.003241116129232169e-01,-2.613297843717288238e-01,-2.231677731668308962e-01,-1.863138072265445866e-01,-1.511855518480998695e-01,-1.181404332883689567e-01,-8.747478721382391520e-02,-5.942422484768399016e-02,-3.416509358873437430e-02,-1.181689637709823319e-02,7.554473741097087261e-03,2.393283085160795645e-02,3.734727169785832107e-02,4.786737196447991144e-02,5.559813879072882103e-02,6.067484554712893052e-02,6.325786357485965739e-02,6.352759289091117201e-02,6.167958030817091708e-02,5.791989947347125911e-02,5.246085340634824845e-02,4.551704659110288043e-02,3.730186084405365254e-02,2.802435730096962049e-02,1.788661614986483683e-02,7.081516330601379111e-03,-4.209050540244234535e-03,-1.581554417793438333e-02,-2.758173449521963277e-02,-3.936527522376923049e-02,-5.103791315961697661e-02,-6.248535249868569091e-02,-7.360678931695380234e-02,-8.431412271309614292e-02,-9.453083450827511058e-02,-1.041905052101191886e-01,-1.132348939335245941e-01,-1.216114426166284429e-01,-1.292699484540043298e-01,-1.361579407454035495e-01,-1.422139143064077016e-01,-1.473568335188422396e-01,-1.514688422760753217e-01,-1.543650176639633498e-01,-1.557372158102859339e-01,-1.550435424943457929e-01,-1.512787038633359171e-01,-1.424798440571099500e-01,-1.247096663211735706e-01,-9.081955827870155651e-02,-3.659799559135527153e-02
8.489295767251764380e-01,8.419586055287657800e-01,8.212138817447818262e-01,7.871193312752553517e-01,7.403689742216351677e-01,6.819094349610382855e-01,6.129161115055206110e-01,5.347638084305134099e-01,4.489927197281738391e-01,3.572707774042424012e-01,2.613534752645459425e-01,1.630423323517341538e-01,6.414317571686443953e-02,-3.357460195335502939e-02,-1.284167159610969944e-01,-2.187995963541230493e-01,-3.032820550786969327e-01,-3.805922902702091881e-01,-4.496496717599939852e-01,-5.095809304096539094e-01,-5.597305568134165465e-01,-5.996653955858569640e-01,-6.291735936445727040e-01,-6.482582190222132557e-01,-6.571260060586128215e-01,-6.561717995755002031e-01,-6.459593621444773559e-01,-6.271992732608975274e-01,-6.007246866733627622e-01,-5.674657228776229800e-01,-5.284232593974067527e-01,-4.846428442889896826e-01,-4.371894013235392284e-01,-3.871233220080469994e-01,-3.354784537951655543e-01,-2.832423994284140600e-01,-2.313394432620742291e-01,-1.806163202918290300e-01,-1.318309459314701004e-01,-8.564413226069438057e-02,-4.261423205299343098e-02,-3.194577344224337062e-03,3.226648395595147628e-02,6.352320099815668419e-02,9.042796862572981265e-02,1.129251240118267496e-01,1.310433178812641930e-01,1.448867901694110283e-01,1.546258733928521645e-01,1.604870319285978952e-01,1.627427232935869383e-01,1.617013399118256700e-01,1.576974582727302676e-01,1.510825882792329877e-01,1.422165803105701898e-01,1.314598122952189141e-01,1.191662449536692037e-01,1.056774012007086622e-01,9.131729618207790056e-02,7.638831807034314469e-02,6.116803689864480642e-02,4.590689955186979393e-02,3.082675360898205416e-02,1.612013096890920968e-02,1.950213935687527145e-03,-1.154859853887634652e-02,-2.426960871870564862e-02,-3.613230553630224218e-02,-4.708049784445057090e-02,-5.708017009409978304e-02,-6.611712723956889026e-02,-7.419448546250995147e-02,-8.133005223210200418e-02,-8.755362222039934916e-02,-9.290419259530020846e-02,-9.742706831620377705e-02,-1.011707779362024107e-01,-1.041836391275663687e-01,-1.065096734748520596e-01,-1.081833171548810396e-01,-1.092218932056546327e-01,-1.096138523899864992e-01,-1.092987861604589606e-01,-1.081308276182980505e-01,-1.058070326214616830e-01,-1.017188993353025372e-01,-9.463308986622183394e-02,-8.203455036766919839e-02,-5.932756771009890101e-02,-2.380741893441000109e-02
8.489295767251764380e-01,8.402169342777849881e-01,8.143194927986440179e-01,7.718742714740285393e-01,7.139211690583234793e-01,6.418721314795244881e-01,5.574694346590511884e-01,4.627346272005742334e-01,3.599099127038534185e-01,2.513939914244431861e-01,1.396745396585258314e-01,2.725957756336758533e-02,-8.339003891619944930e-02,-1.899248659025676578e-01,-2.901659006762153936e-01,-3.821566792922095335e-01,-4.642070317060271178e-01,-5.349274265555996610e-01,-5.932532067618532245e-01,-6.384583959190828217e-01,-6.701591283196253190e-01,-6.883071077100948454e-01,-6.931738184958016191e-01,-6.853264872624301729e-01,-6.655970138861290186e-01,-6.350452546429165013e-01,-5.949181419361608825e-01,-5.466061666365890082e-01,-4.915987322388453706e-01,-4.314398200020524432e-01,-3.676852877358712801e-01,-3.018629700971142138e-01,-2.354365642729879804e-01,-1.697740812762949525e-01,-1.061214292678171328e-01,-4.558148040662970274e-02,1.090123503744752295e-02,6.255025702895861128e-02,1.087615695556334305e-01,1.491029914644126930e-01,1.833090769106470730e-01,2.112721097156274874e-01,2.330298381812934139e-01,2.487506306412305412e-01,2.587167392006426980e-01,2.633063425124932966e-01,2.629750014256049262e-01,2.582371076770775820e-01,2.496478394160469017e-01,2.377860621600105806e-01,2.232385335509619595e-01,2.065856884488703749e-01,1.883892005275731030e-01,1.691814402081081858e-01,1.494568785563470392e-01,1.296654242481128372e-01,1.102076269246531764e-01,9.143163581177818355e-02,7.363176752038542994e-02,5.704851128156960410e-02,4.186978299068112169e-02,2.823323060044803309e-02,1.622939170151288524e-02,5.905508538060218193e-03,-2.730184849227542971e-03,-9.703875263396005355e-03,-1.507143838616240190e-02,-1.891369960868418548e-02,-2.133180584866217061e-02,-2.244280715864165401e-02,-2.237552811455649493e-02,-2.126679141491637573e-02,-1.925804049606482521e-02,-1.649239502891847176e-02,-1.311216388885593810e-02,-9.256836080593253482e-03,-5.061573716277227401e-03,-6.562472036509516731e-04,3.834909576812172306e-03,8.292868773943943769e-03,1.260229147933173560e-02,1.664829466360116805e-02,2.031020207342882147e-02,2.344950598639404873e-02,2.588589892512341978e-02,2.734736033109112091e-02,2.736277950656681307e-02,2.504111348913830651e-02,1.880280688653392790e-02,7.713923559156868510e-03
8.489295767251764380e-01,8.382803382343748666e-01,8.066703519104255760e-01,7.550229342838703506e-01,6.848405449739597417e-01,5.981529814265229561e-01,4.974477366768533804e-01,3.855854000536647064e-01,2.657034746440162243e-01,1.411123993432340795e-01,1.518780487173636458e-02,-1.087369055439769139e-01,-2.274736776146731865e-01,-3.380749422971556228e-01,-4.379175157105636984e-01,-5.247725721908426122e-01,-5.968596550706281034e-01,-6.528834051392846671e-01,-6.920524269584135135e-01,-7.140804432566808524e-01,-7.191705747258637649e-01,-7.079841977490711757e-01,-6.815963521040517836e-01,-6.414400767509681467e-01,-5.892423332822674942e-01,-5.269543290631198973e-01,-4.566790775966467764e-01,-3.805989401949412820e-01,-3.009056936671375970e-01,-2.197353804869018601e-01,-1.391098406147447120e-01,-6.088641923170401427e-02,1.328308615012891228e-02,8.198361140492553545e-02,1.440579378359425899e-01,1.986179142224445138e-01,2.450463179748761933e-01,2.829901749712572800e-01,3.123465865306210287e-01,3.332422761519828192e-01,3.460081682481015997e-01,3.511503491506420827e-01,3.493187425735754803e-01,3.412747647605001156e-01,3.278591172534123244e-01,3.099607368637363192e-01,2.884877624484346037e-01,2.643412056654466102e-01,2.383918365094870873e-01,2.114606216509842540e-01,1.843028907794137805e-01,1.575962583475668810e-01,1.319321990416266743e-01,1.078110673642319467e-01,8.564026608726280076e-02,6.573520508581173760e-02,4.832265035136090736e-02,3.354604119697687098e-02,2.147234964439367899e-02,1.210006717615292639e-02,5.367927689311060256e-03,1.164008784670419148e-03,-6.651062819419278644e-04,-3.053791534297746815e-04,2.033193882983762909e-03,6.124472673890313940e-03,1.173330879861646074e-02,1.862183160805666246e-02,2.655482722074614665e-02,3.530418451914903860e-02,4.465240751506093647e-02,5.439521172654523951e-02,6.434323231803965037e-02,7.432287193909184464e-02,8.417630336311195116e-02,9.376061049727284213e-02,1.029459904386037933e-01,1.116128285282419058e-01,1.196472576007111960e-01,1.269344404500704626e-01,1.333481003277679766e-01,1.387333961722237441e-01,1.428772526024596479e-01,1.454537139658148570e-01,1.459169511232056016e-01,1.432796249288758317e-01,1.356366763547944831e-01,1.191860288787461308e-01,8.703766013761940479e-02,3.513181092628318847e-02
8.489295767251764380e-01,8.361516255376943985e-01,7.982828644412358621e-01,7.366209399225569499e-01,6.532700322273466975e-01,5.510573054632122991e-01,4.334213113607398027e-01,3.042775230207210857e-01,1.678670836692693624e-01,2.859552278606357009e-02,-1.091314857086407991e-01,-2.410682807256950555e-01,-3.632786203428261529e-01,-4.722683612107881901e-01,-5.650963935819786066e-01,-6.394599817451344093e-01,-6.937519668354937830e-01,-7.270886625630343936e-01,-7.393086405020982133e-01,-7.309438904026018813e-01,-7.031659906180705022e-01,-6.577108833741618366e-01,-5.967865817607460599e-01,-5.229686172440241032e-01,-4.390882604062112948e-01,-3.481185201867449952e-01,-2.530626677543149072e-01,-1.568495707778161385e-01,-6.223950104153086471e-02,2.825666279727407151e-02,1.124427284127621635e-01,1.884857085656650721e-01,2.549471158227137324e-01,3.107973486288378440e-01,3.554141617108736995e-01,3.885667801695100176e-01,4.103876561466713313e-01,4.213341721556289610e-01,4.221427661899453954e-01,4.137779974986039999e-01,3.973790009272437640e-01,3.742056087195665959e-01,3.455861712162521804e-01,3.128688029829270745e-01,2.773774396911732887e-01,2.403737337356346704e-01,2.030254613700623045e-01,1.663817767827470429e-01,1.313553416832360932e-01,9.871109207824189935e-02,6.906118317269779872e-02,4.286548186517714909e-02,2.043685447081484280e-02,1.950423094081298265e-03,-1.254406641174246953e-02,-2.310761402475202883e-02,-2.989588166452607568e-02,-3.314239917817036335e-02,-3.314171915683548908e-02,-3.023308289493112366e-02,-2.478505688041897012e-02,-1.718149525249811418e-02,-7.809083101252288321e-03,2.953378158457833219e-03,1.474386618773787516e-02,2.722420946576877693e-02,4.008539124629000722e-02,5.305118908728035515e-02,6.588028807099122197e-02,7.836702829823083416e-02,9.034095801008502902e-02,1.016653632876797497e-01,1.122349338590216128e-01,1.219727014259018305e-01,1.308263498559431304e-01,1.387639403751876888e-01,1.457690088551185092e-01,1.518348551127320922e-01,1.569576133216676328e-01,1.611272816058220148e-01,1.643151158477471063e-01,1.664542612153921408e-01,1.674073043143495254e-01,1.669074516205558134e-01,1.644441096498276966e-01,1.590264090423553212e-01,1.486754512622855129e-01,1.293803010678397092e-01,9.382842949909266095e-02,3.771526697812267737e-02
8.489295767251764380e-01,8.338338764006030246e-01,7.891749161546384173e-01,7.167285130039307006e-01,6.193632115014298112e-01,5.009102400597821303e-01,3.659909642869315083e-01,2.198108029721597689e-01,6.793011303179377625e-02,-8.397644517828853350e-02,-2.303602014803514675e-01,-3.660268798169781235e-01,-4.863425015557948372e-01,-5.874076666686914860e-01,-6.661930270901372797e-01,-7.206310194440973538e-01,-7.496613507773043361e-01,-7.532301831205779896e-01,-7.322452983236148460e-01,-6.884916158622020887e-01,-6.245131773455167012e-01,-5.434690238885457880e-01,-4.489712287967004833e-01,-3.449136923782230024e-01,-2.353001729849061585e-01,-1.240794608096018603e-01,-1.499466338052753145e-02,8.854765436741678097e-02,1.835841553671289650e-01,2.676744452196196389e-01,3.389525538121374582e-01,3.961503785805067790e-01,4.385945943359534915e-01,4.661796410708203275e-01,4.793202653790878953e-01,4.788876923523018303e-01,4.661338395187354378e-01,4.426080645099601529e-01,4.100707885068083924e-01,3.704079928562539203e-01,3.255500878805986376e-01,2.773980454673011242e-01,2.277590154595810490e-01,1.782929527200294573e-01,1.304711050531860705e-01,8.554658391251990235e-02,4.453668490069041114e-02,8.216160972167062260e-03,-2.287971190017544162e-02,-4.844369569892385818e-02,-6.837835428995270304e-02,-8.277265967753386078e-02,-9.187506007675949604e-02,-9.606454016476598246e-02,-9.582106053619575403e-02,-9.169658118900059218e-02,-8.428766757952664557e-02,-7.421046092740589406e-02,-6.207857878087714998e-02,-4.848430706463575240e-02,-3.398325841199642539e-02,-1.908250882048525762e-02,-4.232088785082139225e-03,1.018040257617921877e-02,2.383237149151064618e-02,3.646635572542712700e-02,4.788809601269979066e-02,5.796295357613263921e-02,6.661106471826970521e-02,7.380159947263406628e-02,7.954645652914571485e-02,8.389368418217447998e-02,8.692086946372253042e-02,8.872868680677467590e-02,8.943474447915829295e-02,8.916781121228552209e-02,8.806244433326222698e-02,8.625396793718524691e-02,8.387365172742557162e-02,8.104379020289882718e-02,7.787211914087983911e-02,7.444450385298827244e-02,7.081380121864323807e-02,6.698054987789593684e-02,6.285601722236437705e-02,5.818615335130274818e-02,5.238837463355187907e-02,4.421585781847685998e-02,3.134928427895380953e-02,1.242744338068485326e-02
8.489295767251764380e-01,8.313304368798399846e-01,7.793658074295953808e-01,6.954101513960657677e-01,5.832831685408773614e-01,4.480535971425455566e-01,2.957807021182999319e-01,1.332084436938876515e-01,-3.257022148481985430e-02,-1.944600473381298544e-01,-3.457021372983970497e-01,-4.801863990173810270e-01,-5.927217400358841815e-01,-6.792508857786211385e-01,-7.370003484547094086e-01,-7.645601513599237231e-01,-7.618921372549916082e-01,-7.302697844463504895e-01,-6.721561651539910143e-01,-5.910297926731193918e-01,-4.911704544438564302e-01,-3.774186161974226184e-01,-2.549225708170516635e-01,-1.288872197727312929e-01,-4.337296324845726740e-03,1.140939044629295379e-01,2.223414726622578441e-01,3.170452642567100354e-01,3.956421844518711040e-01,4.564135149881100029e-01,4.984889022632809641e-01,5.218107707646890692e-01,5.270646502648442810e-01,5.155821463451241149e-01,4.892240198650612548e-01,4.502510839989802838e-01,4.011904188645325497e-01,3.447038082020266736e-01,2.834644007522917897e-01,2.200464804351873749e-01,1.568319854985239792e-01,9.593613453018125237e-02,3.915327433562684756e-02,-1.207707407034959782e-02,-5.668498022171745282e-02,-9.396748670309666707e-02,-1.235710100556167146e-01,-1.454615470271669042e-01,-1.598856615824462146e-01,-1.673252382953758499e-01,-1.684488463999957997e-01,-1.640622969827190691e-01,-1.550606264587201522e-01,-1.423833350109294515e-01,-1.269742791798900983e-01,-1.097471896736728070e-01,-9.155738051502487762e-02,-7.317985060024778665e-02,-5.529366524097256014e-02,-3.847225007818903114e-02,-2.317903533997555873e-02,-9.767753535064861020e-03,1.513385798632141226e-03,1.051445099385869310e-02,1.717426830420186457e-02,2.150937819988243266e-02,2.360214982269939060e-02,2.358864963826303937e-02,2.164676514881969799e-02,1.798498655059459564e-02,1.283215393960855134e-02,6.428389631794298800e-03,-9.826418946225225735e-04,-9.160066753721947397e-03,-1.787069270636811036e-02,-2.689244752572631653e-02,-3.601634812895783411e-02,-4.504693622485562293e-02,-5.380100031632586988e-02,-6.210416641595169901e-02,-6.978446791689715822e-02,-7.666105141350940122e-02,-8.252417671574098501e-02,-8.709829375257373274e-02,-8.996999020357226984e-02,-9.043926359861907682e-02,-8.720070020720213644e-02,-7.768860030297544683e-02,-5.728083189118036989e-02,-2.325209024727708032e-02
8.489295767251764380e-01,8.286449121444766641e-01,7.688761828575975121e-01,6.727342752290627059e-01,5.452012933859228250e-01,3.928426136659354251e-01,2.234302782009448540e-01,4.550200585611410831e-02,-1.321161760659964324e-01,-3.007938673558974707e-01,-4.525572525954423275e-01,-5.804998075414616876e-01,-6.791195355949931622e-01,-7.445650044845989468e-01,-7.747789306903161144e-01,-7.695350234809756884e-01,-7.303707357093195407e-01,-6.604249858445051524e-01,-5.641953905070867803e-01,-4.472337483602892294e-01,-3.158012281191769910e-01,-1.765058428730232887e-01,-3.594436953017050157e-02,9.963096304563374972e-02,2.246037077835520424e-01,3.342289389445973757e-01,4.248045158472034677e-01,4.937735175220515638e-01,5.397579877504928847e-01,5.625281984120440448e-01,5.629150531141866587e-01,5.426758520615208026e-01,5.043253364237727521e-01,4.509447117034320884e-01,3.859812654642231222e-01,3.130503496587038192e-01,2.357500357278854708e-01,1.574968399942918429e-01,8.138873511789924964e-02,1.009938328851109172e-02,-5.419469519599632440e-02,-1.098543369633907946e-01,-1.557873959403252295e-01,-1.914312963833348924e-01,-2.167129201698469732e-01,-2.319908691801066403e-01,-2.379853700222003543e-01,-2.357009846220062266e-01,-2.263469132438016840e-01,-2.112590913845846519e-01,-1.918275562133867351e-01,-1.694317569062101791e-01,-1.453856651836495095e-01,-1.208937574034520124e-01,-9.701822686282554620e-02,-7.465717244545974629e-02,-5.453301434516789892e-02,-3.719001622488800340e-02,-2.299954415449495873e-02,-1.217155748690341814e-02,-4.770791939665467753e-03,-7.361437986942081851e-04,9.812196108801490900e-05,-2.019443799416788948e-03,-6.778870571548620272e-03,-1.382892197647486200e-02,-2.279538778488390469e-02,-3.329708813131407319e-02,-4.495933860184646996e-02,-5.742477539741929621e-02,-7.036156260561943210e-02,-8.346909692649892576e-02,-9.648138821222336514e-02,-1.091683263367360657e-01,-1.213350447010950184e-01,-1.328195537986808228e-01,-1.434887343859134468e-01,-1.532326264386548453e-01,-1.619566801016585622e-01,-1.695711498712852150e-01,-1.759759041228301513e-01,-1.810371301765174301e-01,-1.845486963116941270e-01,-1.861628178086142116e-01,-1.852561679798353789e-01,-1.806543419751483470e-01,-1.700414998020814417e-01,-1.487476473304946423e-01,-1.082743051521500854e-01,-4.361829404276947736e-02
8.489295767251764380e-01,8.257811592649961785e-01,7.577279566194039528e-01,6.487728587757043419e-01,5.052960362862890520e-01,3.356426319560141813e-01,1.495877082353287979e-01,-4.228338609481911009e-02,-2.292356756594220168e-01,-4.010406256596861230e-01,-5.485834175954162895e-01,-6.643819369510458595e-01,-7.429854903755150897e-01,-7.812309074704437695e-01,-7.783446049752650309e-01,-7.358904895227010856e-01,-6.575743508485943911e-01,-5.489248399990903637e-01,-4.168785792725674955e-01,-2.693019553413255052e-01,-1.144844740747547607e-01,3.936179380392096361e-02,1.845649569743735841e-01,3.143913923416205569e-01,4.233587416159938499e-01,5.074507149878916268e-01,5.642282375731301203e-01,5.928388168233046374e-01,5.939325429178707871e-01,5.694984578810022846e-01,5.226388758983796512e-01,4.573014819088869753e-01,3.779896890261874587e-01,2.894709283855328996e-01,1.965005033735989781e-01,1.035756552101623762e-01,1.473088417466114804e-02,-6.661831957769660806e-02,-1.377800516405575659e-01,-1.968391758634865651e-01,-2.426625051434604108e-01,-2.748618265410979755e-01,-2.937223585703544471e-01,-3.001052431815522392e-01,-2.953330019348009983e-01,-2.810666069889961038e-01,-2.591820442248805034e-01,-2.316531060495690408e-01,-2.004457776200283259e-01,-1.674280988880072207e-01,-1.342979085065644784e-01,-1.025294971275652334e-01,-7.333898710681878430e-02,-4.766725968843812250e-02,-2.617849341639570671e-02,-9.271862874966224979e-03,2.896337557074997373e-03,1.038295938277977552e-02,1.342337669915264799e-02,1.239446855106831474e-02,7.777379251796310428e-03,1.218485903312781942e-04,-9.986501332396447231e-03,-2.195493769146248178e-02,-3.520783818281713468e-02,-4.920608758140412875e-02,-6.346165760100171138e-02,-7.754760313511643854e-02,-9.110387500279329420e-02,-1.038394608998007979e-01,-1.155314273232166539e-01,-1.260214521400188636e-01,-1.352104169640523934e-01,-1.430515767712847164e-01,-1.495427457061155319e-01,-1.547178340895453696e-01,-1.586379378441475918e-01,-1.613820032590632947e-01,-1.630368330258262499e-01,-1.636857900345549954e-01,-1.633948354371194123e-01,-1.621931599168157101e-01,-1.600428422856290112e-01,-1.567858313659618863e-01,-1.520425645069226617e-01,-1.450038782141367943e-01,-1.339852881773667126e-01,-1.155112191845016761e-01,-8.320165462936962575e-02,-3.330540012061195682e-02
8.489295767251764380e-01,8.227432795467951587e-01,7.459442340565424212e-01,6.236010480237853537e-01,4.637516326039454739e-01,2.768257516706453814e-01,7.490186735644072114e-02,-1.291433299141752922e-01,-3.225268583700348635e-01,-4.934250868249108191e-01,-6.317490604891463635e-01,-7.297744088742376123e-01,-7.825838988490588788e-01,-7.882968204238887111e-01,-7.480769736424431882e-01,-6.659284926024593432e-01,-5.483046126601490711e-01,-4.035674949441485082e-01,-2.413464301523971234e-01,-7.184660685559750293e-02,9.483897726822389240e-02,2.493656835675567840e-01,3.836800740600944670e-01,4.914380781923669006e-01,5.682788335265519519e-01,6.119467885577567490e-01,6.222663920473590071e-01,6.009840219883583190e-01,5.515000324372816287e-01,4.785194704208430294e-01,3.876529520998422962e-01,2.849994505463671612e-01,1.767406150207427029e-01,6.877215694033286808e-02,-3.360764910669682137e-02,-1.259385939752154515e-01,-2.047610511742458672e-01,-2.676993515768033571e-01,-3.134704599888481491e-01,-3.418268269759380806e-01,-3.534454871058273495e-01,-3.497773799700663599e-01,-3.328715316121512724e-01,-3.051882888066353994e-01,-2.694144481290899895e-01,-2.282911041773167671e-01,-1.844626068109901096e-01,-1.403524060500380699e-01,-9.806898826152556092e-02,-5.934274225756134419e-02,-2.549256698718104300e-02,2.580575648358697342e-03,2.437711280853035664e-02,3.976396962123705803e-02,4.892627262088621032e-02,5.231051204166246860e-02,5.056366687118688669e-02,4.447222683989092429e-02,3.490434341475134178e-02,2.275757805287477453e-02,8.913951068901394825e-03,-5.796723178438846318e-03,-2.062486423335860297e-02,-3.492069628388015656e-02,-4.814595573539831586e-02,-5.987862713373159201e-02,-6.981178618004849068e-02,-7.774771775557356990e-02,-8.358848369163263126e-02,-8.732405683179726708e-02,-8.901903223146664934e-02,-8.879878959770122482e-02,-8.683582792723638921e-02,-8.333683608063108261e-02,-7.853091156784199056e-02,-7.265920152481929184e-02,-6.596612002126323038e-02,-5.869219816794286892e-02,-5.106855100291179256e-02,-4.331290166145691095e-02,-3.562709643834321982e-02,-2.819609160150443605e-02,-2.118853645902502372e-02,-1.475942028474113051e-02,-9.056047329705723889e-03,-4.230465323618668415e-03,-4.655997235453803742e-04,1.971886388237635134e-03,2.667560151182036318e-03,1.371730486165552518e-03
8.489295767251764380e-01,8.195356104331913416e-01,7.335492298693737645e-01,5.972967668261508489e-01,4.207568090814653994e-01,2.167674935881000464e-01,1.527547179698103894e-05,-2.141076824852399529e-01,-4.106804903450756994e-01,-5.763669521023430109e-01,-7.003754676079700925e-01,-7.751913150605064251e-01,-7.970292135210871320e-01,-7.659799118617008906e-01,-6.858516656721563853e-01,-5.637332589770709390e-01,-4.093273713254105828e-01,-2.341197310894871375e-01,-5.045942095949870060e-02,1.293715773956078119e-01,2.940257612182161084e-01,4.338309042646740221e-01,5.413557993134381352e-01,6.117704653120452640e-01,6.429894404684189935e-01,6.356051928660478856e-01,5.926348320326138008e-01,5.191159921976200575e-01,4.215962154937860085e-01,3.075640935689024080e-01,1.848699760847196671e-01,6.117975128831010939e-02,-5.650214085158340727e-02,-1.622137028679885296e-01,-2.513040320650079540e-01,-3.205837024175363092e-01,-3.683605099450453224e-01,-3.943722432208706663e-01,-3.996341854432174379e-01,-3.862229023348835444e-01,-3.570195261279843213e-01,-3.154354001253314443e-01,-2.651409301275168273e-01,-2.098152156313582428e-01,-1.529299594744411017e-01,-9.757672529690535057e-02,-4.634222806890897495e-02,-1.232332384042245099e-03,3.635796239109987532e-02,6.563390202057520217e-02,8.635687837890576590e-02,9.877499875115784700e-02,1.035367236830741222e-01,1.015956059065662581e-01,9.411331700119264509e-02,8.236697553722671650e-02,6.766543640772136603e-02,5.127779617267339690e-02,3.437602117047770800e-02,1.799239532896846142e-02,2.991467525002994027e-03,-9.944616813804565275e-03,-2.031908122489592058e-02,-2.781380969604510187e-02,-3.227514544399787827e-02,-3.369436765916233173e-02,-3.218487916091029161e-02,-2.795790976877220516e-02,-2.129825620380572729e-02,-1.254127005508810962e-02,-2.051996254084363300e-03,9.792924390440183383e-03,2.262022892341050695e-02,3.607173101565114282e-02,4.981274915453491603e-02,6.353736484213048930e-02,7.697063916522826899e-02,8.986785804356764440e-02,1.020106956796038578e-01,1.131998028112501248e-01,1.232425686850520813e-01,1.319332899752228561e-01,1.390198284238394200e-01,1.441439709790173773e-01,1.467270625190814359e-01,1.457359628199224877e-01,1.391832501053756332e-01,1.231021531940103136e-01,9.030086458116425019e-02,3.654426174317582793e-02
8.489295767251764380e-01,8.161627170042038415e-01,7.205681833869518327e-01,5.699403145530006487e-01,3.765034837662775691e-01,1.558435141981560357e-01,-7.444282865405635330e-02,-2.962531288856207756e-01,-4.924998421426954320e-01,-6.485080832262634098e-01,-7.531678761032376546e-01,-7.997448509245613790e-01,-7.862886575195653371e-01,-7.156182235377351875e-01,-5.949031698722260231e-01,-4.348971190943604070e-01,-2.489078116911031258e-01,-5.160835188181157190e-02,1.421978134845799935e-01,3.187485290758446665e-01,4.663346387245260183e-01,5.760764682306745987e-01,6.424164390969134830e-01,6.633081924901458315e-01,6.401109754482877667e-01,5.772230843749023288e-01,4.815077861353624367e-01,3.615780068801598968e-01,2.270116664514210680e-01,8.756809231803085181e-02,-4.753161509797034640e-02,-1.702096692743999551e-01,-2.739868357956222744e-01,-3.542690630649004691e-01,-4.084628695306402602e-01,-4.359311499042125004e-01,-4.378124954741079433e-01,-4.167350637876479080e-01,-3.764602697207247717e-01,-3.214922662374796736e-01,-2.566868026223843025e-01,-1.868882632236306129e-01,-1.166172845563029359e-01,-4.982412553011290185e-02,1.028433256306815133e-02,6.134282863873372071e-02,1.018558104820114218e-01,1.311643884050023023e-01,1.493641413571421273e-01,1.571873011169691858e-01,1.558630828657597556e-01,1.469690961399168494e-01,1.322851254929490739e-01,1.136583970561060447e-01,9.288701524244971641e-02,7.162579988982215040e-02,5.131646875844107086e-02,3.314213146825319839e-02,1.800447372024726461e-02,6.520851463153933859e-03,-9.622209509343357912e-04,-4.343052669331587574e-03,-3.730110536458123172e-03,5.976541559462330124e-04,8.232274691116682475e-03,1.867736647276763140e-02,3.138578297007085793e-02,4.579285725739518087e-02,6.134431339210259099e-02,7.751842029034797243e-02,9.384236332076402454e-02,1.099031177476829796e-01,1.253533228807588162e-01,1.399127805362732624e-01,1.533662423247731110e-01,1.655581120412281670e-01,1.763845706640173316e-01,1.857834171950387414e-01,1.937215661323402616e-01,2.001795521954245205e-01,2.051313439260732674e-01,2.085157670881066794e-01,2.101917578091458405e-01,2.098608308576202230e-01,2.069200640699611626e-01,2.001620338350894313e-01,1.871340212284980375e-01,1.628232310147492423e-01,1.180589175018565418e-01,4.744754815258179353e-02
8.489295767251764380e-01,8.126293830984355759e-01,7.070272713641452267e-01,5.416139581812254855e-01,3.311854716455313596e-01,9.442640826718566582e-02,-1.478630321196850173e-01,-3.747145919739846565e-01,-5.669176938200166660e-01,-7.087335889560879565e-01,-7.892348992702730159e-01,-8.031508862706828733e-01,-7.511533491232091908e-01,-6.395773715459354136e-01,-4.796284686924570106e-01,-2.861768384625662520e-01,-7.627546060819448415e-02,1.324414555501272905e-01,3.233208302515536703e-01,4.820692033295324030e-01,5.978306745031746194e-01,6.638854126400076661e-01,6.779326696651770678e-01,6.419651352599152760e-01,5.617799493540015510e-01,4.462021511061245449e-01,3.061164082168122413e-01,1.534115254538395701e-01,-6.020711444873534131e-05,-1.434188351622694424e-01,-2.675171275971774953e-01,-3.654788294186271380e-01,-4.329935647388090669e-01,-4.683715253900490594e-01,-4.723820520357706054e-01,-4.479162136550724482e-01,-3.995236520918381551e-01,-3.328781285284345137e-01,-2.542248578633514722e-01,-1.698567920325382286e-01,-8.565776533453155206e-02,-6.739221173447070175e-03,6.281455729773118002e-02,1.200890128900494597e-01,1.633757023937306985e-01,1.921161402432426391e-01,2.067719077600787547e-01,2.086425538029504922e-01,1.996532707359106318e-01,1.821329015838337728e-01,1.585999923702512693e-01,1.315708562113943603e-01,1.033994520809223133e-01,7.615472987362509327e-02,5.153729536420070118e-02,3.083404423265329389e-02,1.490694292430108127e-02,4.210443445144502334e-03,-1.168918927132234394e-03,-1.457466414027367655e-03,2.869696657988182742e-03,1.115601347269804672e-02,2.262924657690701044e-02,3.646196627881209684e-02,5.182414133696407188e-02,6.792626683389857423e-02,8.405238879513796113e-02,9.958314727489961382e-02,1.140095425539190271e-01,1.269385333722444498e-01,1.380918152182077085e-01,1.472992225357471485e-01,1.544881776061586554e-01,1.596704979733390706e-01,1.629276986445467035e-01,1.643957051663952618e-01,1.642496417623992844e-01,1.626890763151948305e-01,1.599237738549373622e-01,1.561595816566861139e-01,1.515834240781551712e-01,1.463452592594658430e-01,1.405326381590481510e-01,1.341287806234413016e-01,1.269343771264539178e-01,1.184083568624521993e-01,1.073273919740227039e-01,9.108634629981782194e-02,6.484785683909567722e-02,2.577254232068796128e-02
8.489295767251764380e-01,8.089406020863052493e-01,6.929535187684201514e-01,5.124015217377018150e-01,2.849972076685525213e-01,3.288263422939349118e-02,-2.196618284562251999e-01,-4.486953213149804665e-01,-6.330102178118025558e-01,-7.561864972054159750e-01,-8.080962225366691287e-01,-7.857152011799231062e-01,-6.931805628279752440e-01,-5.411183842723077397e-01,-3.453443127700285276e-01,-1.251033900975734026e-01,9.894365137961767809e-02,3.067649757438137281e-01,4.808209598806737484e-01,6.075674695322861307e-01,6.784710915511892315e-01,6.904693012724300027e-01,6.458719488073105808e-01,5.517588712392299533e-01,4.189757386592926625e-01,2.608621720537611099e-01,9.186069783430024505e-02,-7.384757836617371340e-02,-2.235524356682721536e-01,-3.469701674183914286e-01,-4.368825106494053090e-01,-4.894343267563077693e-01,-5.041016369336327463e-01,-4.833720429994561862e-01,-4.322018183838756689e-01,-3.573268240253320016e-01,-2.665078727508733980e-01,-1.677862338726025249e-01,-6.881338630474638507e-02,2.369692176528371413e-02,1.043644573392476932e-01,1.693744907062433580e-01,2.165507567057469718e-01,2.452874623713745261e-01,2.563678482520777013e-01,2.517021387952068645e-01,2.340191574082247095e-01,2.065439985371844978e-01,1.726897280419963376e-01,1.357850075448324978e-01,9.885267976365888498e-02,6.444748432354951984e-02,3.455481667434828763e-02,1.054723224975731739e-02,-6.808518039574808223e-03,-1.730367983017916389e-02,-2.120991234257270375e-02,-1.918302907804695853e-02,-1.215835805905058492e-02,-1.246572623646441825e-03,1.236298389179600783e-02,2.748643311164325129e-02,4.301384303549392329e-02,5.796068809983170173e-02,7.150238284480821271e-02,8.299311548080612333e-02,9.197099760796462187e-02,9.815201506461851411e-02,1.014154533629519211e-01,1.017834325606188917e-01,9.939697853412365891e-02,9.449073706460740796e-02,8.736805514452772314e-02,7.837775383516919214e-02,6.789353341819588661e-02,5.629661067545347480e-02,4.396190943440863447e-02,3.124792519445541289e-02,1.849028124270319165e-02,5.999018818276601918e-03,-5.940115667346695418e-03,-1.705955660959680362e-02,-2.709688335849649507e-02,-3.576995970948976949e-02,-4.272893361337267576e-02,-4.745882433738295852e-02,-4.907322227314538099e-02,-4.589321487635230484e-02,-3.493628344371128847e-02,-1.444210803183240688e-02
8.489295767251764380e-01,8.051015673236590064e-01,6.783747080223452297e-01,4.823879759687026425e-01,2.381324983236102755e-01,-2.843040552219842920e-02,-2.892871617858644995e-01,-5.174755330602094361e-01,-6.900075734905039004e-01,-7.902759264366180370e-01,-8.096788882870740167e-01,-7.483017910984868237e-01,-6.146108233479736782e-01,-4.242345347748164852e-01,-1.980127125876561534e-01,4.043047511816550560e-02,2.672904734854552045e-01,4.610618166584221078e-01,6.046248959274732604e-01,6.867351207250615985e-01,7.027926308002300226e-01,6.548617478059348684e-01,5.509965339919786764e-01,4.040018708827129990e-01,2.298108433425952446e-01,4.568483458135962766e-02,-1.315578446942564927e-01,-2.871029110113391680e-01,-4.093506654079173135e-01,-4.906890662148336579e-01,-5.277986603095237150e-01,-5.215117321214590707e-01,-4.762919927947256160e-01,-3.994322338509852521e-01,-3.000838459255519841e-01,-1.882341526588732217e-01,-7.373697831320744078e-02,3.451822725820185428e-02,1.292393969362308770e-01,2.051358752508826433e-01,2.590893597134349968e-01,2.901107793702998872e-01,2.991196021137947914e-01,2.885930019174376415e-01,2.621367313652042674e-01,2.240281378920175037e-01,1.787757293368105738e-01,1.307304947945317763e-01,8.377333090575622698e-02,4.109179872907665204e-02,5.049181053971419156e-03,-2.285975554528218642e-02,-4.197828422172149992e-02,-5.239857673333158522e-02,-5.483177314138032443e-02,-5.045502753882875890e-02,-4.075166922473591469e-02,-2.735795005112095363e-02,-1.192660280545456732e-02,3.985973223241615591e-03,1.900532048644394331e-02,3.199657065701414643e-02,4.209564136782895094e-02,4.871713488680049636e-02,5.154312003952538773e-02,5.049745306131420142e-02,4.571030630989533772e-02,3.747723553390385626e-02,2.621653879595271797e-02,1.242794731216521377e-02,-3.345070384139321382e-03,-2.054784365090969386e-02,-3.864098478896575706e-02,-5.712048193881326397e-02,-7.553147557998966810e-02,-9.347607242438450703e-02,-1.106156818857005897e-01,-1.266683315661726594e-01,-1.414011932745687372e-01,-1.546180407310518978e-01,-1.661403567365714595e-01,-1.757788362116461389e-01,-1.832879907916567241e-01,-1.882878277453305660e-01,-1.901167640407538661e-01,-1.875337645238327189e-01,-1.780851808609858755e-01,-1.568084626968418716e-01,-1.146576270891638688e-01,-4.631154428327439315e-02
8.489295767251764380e-01,8.011176623154719900e-01,6.633192871683806224e-01,4.516590310368904793e-01,1.907833123038512602e-01,-8.916710054558950327e-02,-3.562233739363933616e-01,-5.804195066563411221e-01,-7.373011325244481773e-01,-8.106788539507375768e-01,-7.943028366822716402e-01,-6.922852278773774515e-01,-5.182643725225278830e-01,-2.934660305629289145e-01,-4.395003206354065189e-02,2.025806896347642772e-01,4.199974793597194278e-01,5.865998356010924120e-01,6.872861817802778939e-01,7.148284308972108203e-01,6.701630324868279587e-01,5.617381165617510996e-01,4.040676522223858314e-01,2.157261009971344068e-01,1.706287719947449655e-02,-1.720772369633356280e-01,-3.343705720335881093e-01,-4.565680750810105493e-01,-5.304611139795982755e-01,-5.532163835542928121e-01,-5.271137087211101857e-01,-4.587840775215348832e-01,-3.580892930141792996e-01,-2.368064743415912998e-01,-1.072807095122556009e-01,1.880943853848144470e-02,1.314612024240190968e-01,2.230594819061569867e-01,2.887613026944141903e-01,3.265617988528626281e-01,3.370824612383309105e-01,3.231446396500951002e-01,2.892030991990657829e-01,2.407163109254748801e-01,1.835236584012715222e-01,1.232870915557187780e-01,6.503845836526625512e-02,1.285622414415757420e-02,-3.032136432652364141e-02,-6.275382067083425108e-02,-8.384459180193151728e-02,-9.400071240709324816e-02,-9.443395190185621679e-02,-8.693132318175589290e-02,-7.362008770650554923e-02,-5.674788487886466004e-02,-3.849315548205140686e-02,-2.081535079049320544e-02,-5.349107557303024556e-03,6.657960786832905348e-03,1.436771340011741560e-02,1.734042730127366427e-02,1.549782593369420335e-02,9.068174830783247778e-03,-1.478923595962391676e-03,-1.550129447008858838e-02,-3.225099478041078271e-02,-5.093500832878526674e-02,-7.076704873812063312e-02,-9.100893932921221008e-02,-1.110011010915704227e-01,-1.301825144997948713e-01,-1.481011169259694726e-01,-1.644159649684742708e-01,-1.788926529949980970e-01,-1.913934630519935065e-01,-2.018635505533052654e-01,-2.103141538700462054e-01,-2.168033324010431584e-01,-2.214140037674592609e-01,-2.242278560133880716e-01,-2.252915653772246951e-01,-2.245675173295430260e-01,-2.218522042855250453e-01,-2.166250812621818012e-01,-2.077431755213039744e-01,-1.927913228828192493e-01,-1.667505321362743320e-01,-1.203801680346648917e-01,-4.825158593515038036e-02
8.489295767251764380e-01,7.969944506198317624e-01,6.478162774197443463e-01,4.203007349522165925e-01,1.431386200564349620e-01,-1.489961590617476794e-01,-4.199955061587390959e-01,-6.369810790504381037e-01,-7.744473373212528156e-01,-8.173357500709190759e-01,-7.626566760549068347e-01,-6.194895335894814448e-01,-4.074221383050037892e-01,-1.537019210665645785e-01,1.104650355365642961e-01,3.539378622545749087e-01,5.494444873142350083e-01,6.766843651819012262e-01,7.243747713968251567e-01,6.910501294890978308e-01,5.846024231951088002e-01,4.207165752911748990e-01,2.204856002662809178e-01,7.571314412886626793e-03,-1.946989893613619849e-01,-3.659389256096721721e-01,-4.907252500422982777e-01,-5.598519607984411284e-01,-5.707477109614603750e-01,-5.270987389990879901e-01,-4.378115298565823377e-01,-3.155129809115360673e-01,-1.748164473384282713e-01,-3.058023503178909988e-02,1.036442982940232460e-01,2.168271306015716327e-01,3.012484787126483710e-01,3.528357201685178302e-01,3.710770028266270337e-01,3.585833198068063554e-01,3.203986362728570847e-01,2.631694097970619928e-01,1.942819296804574603e-01,1.210612566007973762e-01,5.010300623772129258e-02,-1.321714502813037609e-02,-6.503780616802989911e-02,-1.031151648206848626e-01,-1.267588466095686539e-01,-1.366364191204439138e-01,-1.344888704727549011e-01,-1.228000285731480484e-01,-1.044590085308682165e-01,-8.244774785812125639e-02,-5.957692437595644985e-02,-3.828433660362572794e-02,-2.050120438405894641e-02,-7.584559216445021027e-03,-3.083668737378179587e-04,1.097597349073507582e-03,-3.126094896566043464e-03,-1.236431418768034994e-02,-2.573306619612598933e-02,-4.218486310033058018e-02,-6.060583179719367802e-02,-7.989904540173628500e-02,-9.905088368190578807e-02,-1.171792595999722325e-01,-1.335641873563330473e-01,-1.476623701732231730e-01,-1.591082617696457091e-01,-1.677044480072560351e-01,-1.734042700257305836e-01,-1.762894420296574061e-01,-1.765450796965061242e-01,-1.744341147374152690e-01,-1.702725797147123799e-01,-1.644067392256488291e-01,-1.571925304964231218e-01,-1.489772372896636110e-01,-1.400826802473307819e-01,-1.307882806696865352e-01,-1.213107185038139885e-01,-1.117735576118945723e-01,-1.021527299724716148e-01,-9.216637812103382899e-02,-8.103893050767226047e-02,-6.701528604859970095e-02,-4.676995469258812127e-02,-1.835571774253196356e-02
8.489295767251764380e-01,7.927376655228081104e-01,6.318951805554234857e-01,3.883990803252800328e-01,9.538329117326618811e-02,-2.076029038241920255e-01,-4.801729197441289565e-01,-6.867075115284401177e-01,-8.011682736896200696e-01,-8.104405010664390563e-01,-7.157649113525426099e-01,-5.321163684913295944e-01,-2.856966584792015040e-01,-9.978580763270983658e-03,2.590702749185812559e-01,4.878692402930300265e-01,6.495224400236946360e-01,7.269699446558134381e-01,7.146304831449578066e-01,6.184137666401267053e-01,4.542195722294177229e-01,2.452432686552814267e-01,1.854640663787471971e-02,-1.985883572183406998e-01,-3.820176607222781073e-01,-5.134003855408110217e-01,-5.818865011663876263e-01,-5.847147573025128775e-01,-5.267596974207772176e-01,-4.192017866962464701e-01,-2.775878395538309840e-01,-1.195945567539197091e-01,3.719403793524776042e-02,1.772272207580596337e-01,2.884500145813235772e-01,3.631780894667330783e-01,3.983637606616954874e-01,3.953090392402868747e-01,3.589398645938109422e-01,2.967902662298935734e-01,2.178557773569215483e-01,1.314647563171843503e-01,4.628946249916816857e-02,-3.041795290363039431e-02,-9.331958201802099950e-02,-1.392091907408089524e-01,-1.669779431739247533e-01,-1.773763582718771992e-01,-1.726335292590326642e-01,-1.559983334207052375e-01,-1.312631613597547986e-01,-1.023207292434019089e-01,-7.279115645205472274e-02,-4.574192810139950799e-02,-2.350948734848820956e-02,-7.619381769050709990e-03,1.207061473956526094e-03,2.977331834348588644e-03,-1.695876064366786231e-03,-1.174586723120454000e-02,-2.581205665839915453e-02,-4.239356907953978348e-02,-5.998487948803398612e-02,-7.718614999397482856e-02,-9.278472799859706355e-02,-1.058074940166486150e-01,-1.155462274762253660e-01,-1.215598526403900009e-01,-1.236583795094306631e-01,-1.218736705951720400e-01,-1.164219807691495995e-01,-1.076626809592848011e-01,-9.605682733604954671e-02,-8.212839771270341593e-02,-6.643018428554742227e-02,-4.951557983774225458e-02,-3.191687460105236546e-02,-1.413022960085863478e-02,3.392757415673938997e-03,2.024697568379565590e-02,3.606893861494133574e-02,5.052389867182095762e-02,6.328156222959259447e-02,7.397229909903645095e-02,8.210498733437446295e-02,8.690259955795755220e-02,8.695611457794064081e-02,7.951975002455530239e-02,5.965602884222954289e-02,2.445727957880928019e-02
8.489295767251764380e-01,7.883531995150316884e-01,6.155858866086102443e-01,3.560396218930744205e-01,4.769705766583624135e-02,-2.646913194354220678e-01,-5.363722125795113982e-01,-7.292417376313014010e-01,-8.173491113667576968e-01,-7.904251759765911212e-01,-6.549480561327002404e-01,-4.326655471939774289e-01,-1.568984724745651482e-01,1.327163399017630696e-01,3.961728737434713765e-01,5.988009929667562625e-01,7.158893742623937406e-01,7.356044890541009185e-01,6.598853819550284383e-01,5.033235576304497805e-01,2.903396175249741695e-01,5.119736748598101295e-02,-1.824778625094589657e-01,-3.819971168705031950e-01,-5.251334836089094349e-01,-5.984571609068095599e-01,-5.982757280696500146e-01,-5.301959085687496520e-01,-4.075156638235669093e-01,-2.487945156886500198e-01,-7.502163290348309865e-02,9.319624190891877269e-02,2.380623996999610414e-01,3.463692627147463288e-01,4.104878212346041444e-01,4.285505296456463276e-01,4.039186093434362634e-01,3.441035689258004626e-01,2.593564162362095304e-01,1.611463848334584448e-01,6.072895044030413025e-02,-3.204121587898482032e-02,-1.095530605513329592e-01,-1.668973060124116226e-01,-2.019527615899443240e-01,-2.151553590966952256e-01,-2.090316728606271268e-01,-1.875907406406124578e-01,-1.556664719098195815e-01,-1.182907920432899190e-01,-8.015862418439889669e-02,-4.522362323913666632e-02,-1.644157593056325833e-02,4.340876489589830939e-03,1.636941275224664330e-02,1.986408963230206284e-02,1.583197854222979928e-02,5.842363166052908993e-03,-8.206654217566536694e-03,-2.430669794990341151e-02,-4.052593245738610878e-02,-5.515399276968953324e-02,-6.680104127750029208e-02,-7.445205397453136253e-02,-7.748121460510377922e-02,-7.563370458383390782e-02,-6.898332877895897719e-02,-5.787452193690939550e-02,-4.285659812081437509e-02,-2.461690554165794215e-02,-3.918079480507508441e-03,1.845694632905065316e-02,4.174994728314526671e-02,6.526144842157684256e-02,8.837378526511281696e-02,1.105638556790088656e-01,1.314066212871318473e-01,1.505705086656266012e-01,1.678056366506984476e-01,1.829251789899790093e-01,1.957789480585227782e-01,2.062159347754413952e-01,2.140278239379414527e-01,2.188554469382786305e-01,2.200174669336890654e-01,2.161679104409294228e-01,2.045723111120544557e-01,1.796289406703261426e-01,1.310736518708181531e-01,5.287523730455257615e-02
8.489295767251764380e-01,7.838470936009207524e-01,5.989185822863036801e-01,3.233071071098492233e-01,2.535501865271463863e-04,-3.199858374372714920e-01,-5.882594212471536910e-01,-7.643230319941065609e-01,-8.230326305451320934e-01,-7.579403002677422840e-01,-5.817771892298236880e-01,-3.238509780831409501e-01,-2.490330873889611690e-02,2.696264735375424881e-01,5.167660374135093493e-01,6.824297290171110753e-01,7.461108106990618216e-01,7.032082537782532450e-01,5.647773319472940701e-01,3.549238002353856669e-01,1.064215165200437657e-01,-1.446320262015811375e-01,-3.642267383888345145e-01,-5.250933606828044331e-01,-6.099716075389856051e-01,-6.131414303975669666e-01,-5.401675083225804253e-01,-4.060825277501284858e-01,-2.324428750291653023e-01,-4.380628875024909080e-02,1.358015555907327032e-01,2.859350974979538718e-01,3.919304416240111388e-01,4.460691586037325296e-01,4.476865162542049137e-01,4.023565230252780789e-01,3.203943009702074907e-01,2.149731345658946469e-01,1.001592305781840025e-01,-1.087035334431173290e-02,-1.072290474120340953e-01,-1.812269415154503238e-01,-2.287512230604624719e-01,-2.491630830577680478e-01,-2.448070345503949863e-01,-2.202596595825735970e-01,-1.814534931149232866e-01,-1.348014122530141190e-01,-8.642279189559377850e-02,-4.154082602516979278e-02,-4.086544477572361111e-03,2.348607996782882401e-02,4.019462424873038175e-02,4.637026021815557342e-02,4.339438880610752697e-02,3.337856884112400807e-02,1.883221284772424245e-02,2.354263550450345563e-03,-1.362530835239582523e-02,-2.703913900325589925e-02,-3.630608825847794763e-02,-4.038780406529855066e-02,-3.878708639607420655e-02,-3.150048089713921445e-02,-1.893900327878009909e-02,-1.830641087243141786e-03,1.888323112818569155e-02,4.214767559416445625e-02,6.688304084004670358e-02,9.205825415383193933e-02,1.167463466559040264e-01,1.401619573517920991e-01,1.616820298414880230e-01,1.808518865165972545e-01,1.973793796262403588e-01,2.111199420207969524e-01,2.220551646811841362e-01,2.302670727058127309e-01,2.359095807452963045e-01,2.391776380889813758e-01,2.402731407409248454e-01,2.393643209152969686e-01,2.365308925367793635e-01,2.316780218309512918e-01,2.243815944192816547e-01,2.135794543195691508e-01,1.969172867070310973e-01,1.694096831984090168e-01,1.218140208209329139e-01,4.870655595790827214e-02
8.489295767251764380e-01,7.792255264714539331e-01,5.819236605435772480e-01,2.902851219222148393e-01,-4.678058677003552046e-02,-3.732328495713170824e-01,-6.355515104179617625e-01,-7.917861687897362888e-01,-8.184111076470588220e-01,-7.138313805565861259e-01,-4.980245905618813085e-01,-2.085150763522804762e-01,1.064750100969724389e-01,3.963889790503846156e-01,6.167014958747254472e-01,7.358570218381929040e-01,7.396846439947948326e-01,6.327011475261565820e-01,4.362909033475121934e-01,1.842864254959958314e-01,-8.312602138769603632e-02,-3.260457629012865621e-01,-5.109199681634211121e-01,-6.151061590808688528e-01,-6.293485332693997680e-01,-5.579814571672588874e-01,-4.170606391143185654e-01,-2.309321221743627639e-01,-2.793818303236344364e-02,1.639890272579543617e-01,3.211712697166072550e-01,4.269643212773811536e-01,4.732024082098376105e-01,4.602741662681635870e-01,3.960065358643493072e-01,2.936835153738220905e-01,1.696041066102655648e-01,4.058797739214176775e-02,-7.821998276892339064e-02,-1.749945113888949078e-01,-2.421915839725621855e-01,-2.768113794439886477e-01,-2.800455345400988394e-01,-2.564602039422148039e-01,-2.129010508851376382e-01,-1.573086468169948571e-01,-9.760899668738745594e-02,-4.080269958028576865e-02,7.673055959284619428e-03,4.428440763682933018e-02,6.745942711913946455e-02,7.741321709560829156e-02,7.580564166393545522e-02,6.530396915641979716e-02,4.911862448374453016e-02,3.056882593063880993e-02,1.271926456430708813e-02,-1.887907581619254361e-03,-1.139732207542171714e-02,-1.470550464937600901e-02,-1.144098024868514009e-02,-1.879185869254766487e-03,1.318581923776329483e-02,3.259154791368250315e-02,5.496063725597812727e-02,7.884319263515610077e-02,1.028378211222063521e-01,1.256856003265268973e-01,1.463350408137339964e-01,1.639791296765641115e-01,1.780676952992062412e-01,1.882996332444550336e-01,1.946000858628624819e-01,1.970876244556328538e-01,1.960360087838929899e-01,1.918343530989757018e-01,1.849486462737273129e-01,1.758866589554587412e-01,1.651673872132467802e-01,1.532953493482214768e-01,1.407392313571536879e-01,1.279134332926145923e-01,1.151596796817008495e-01,1.027232611209335650e-01,9.071284416139437090e-02,7.901978520510935522e-02,6.714402766210220141e-02,5.383332404954305206e-02,3.664384095502442457e-02,1.414861468671338267e-02
8.489295767251764380e-01,7.744948035712334589e-01,5.646316317193115220e-01,2.570557536601471016e-01,-9.324649571295408335e-02,-4.242019436347388428e-01,-6.780171627812697777e-01,-8.115591641792275768e-01,-8.038158783681260688e-01,-6.591124785874373782e-01,-4.056121033298961120e-01,-8.954454194724342786e-02,2.336016104004763894e-01,5.091710774954942842e-01,6.928129418273749618e-01,7.576455391816515617e-01,6.979577794237066257e-01,5.290011712539579580e-01,2.831716465081793865e-01,3.512503562367385018e-03,-2.641219332516112073e-01,-4.787756715574864597e-01,-6.106596598414545385e-01,-6.450415780480924788e-01,-5.833248803095353319e-01,-4.414145027767685803e-01,-2.459200229303191987e-01,-2.905149950858902305e-02,1.768174131080594569e-01,3.440075834851142322e-01,4.531123317341133605e-01,4.948937669423042474e-01,4.704213400454699823e-01,3.896673819231662450e-01,2.689869848678467235e-01,1.280204161642505556e-01,-1.343663867277774572e-02,-1.381302381782943123e-01,-2.332880782784426676e-01,-2.916440778223851060e-01,-3.115514583809179117e-01,-2.963205119213688787e-01,-2.530050606534853808e-01,-1.908998422296814823e-01,-1.200035734434706375e-01,-4.965950978124646781e-02,1.247946052711574466e-02,6.108670522316631685e-02,9.339237351800044884e-02,1.090570852802383861e-01,1.097740219107505855e-01,9.870208030746197014e-02,7.983280769162284796e-02,5.738047124785614767e-02,3.526272919387989091e-02,1.671385816121482432e-02,4.047553369776467867e-03,-1.434966814486900210e-03,5.883683735346534327e-04,9.589256654005251859e-03,2.437955643992193583e-02,4.333080334256335375e-02,6.459433202149444941e-02,8.630010576981471393e-02,1.067196310652477470e-01,1.243853702006491174e-01,1.381651384327919341e-01,1.472946707165215530e-01,1.513747271511476089e-01,1.503408461932670970e-01,1.444143616695854060e-01,1.340428598454327103e-01,1.198371728209824127e-01,1.025105712096457539e-01,8.282427470723849328e-02,6.154193039266436099e-02,3.939444665064070761e-02,1.705560104391519796e-02,-4.871778372035132955e-03,-2.585946559764490046e-02,-4.544740763465721783e-02,-6.322616448169685044e-02,-7.880453330245981713e-02,-9.175283730895497647e-02,-1.014991345291241381e-01,-1.071249028966835548e-01,-1.069387716555527945e-01,-9.761190998709258493e-02,-7.313024097216611064e-02,-2.995674832673989041e-02
8.489295767251764380e-01,7.696613460902769210e-01,5.470730366211886686e-01,2.236992727765572953e-01,-1.389938191532885947e-01,-4.726868602805434638e-01,-7.154768933975222955e-01,-8.236597193414416651e-01,-7.797049298518323734e-01,-5.949376594138499064e-01,-3.065588260777578622e-01,3.020986423793142056e-02,3.531239544126658636e-01,6.047770660552624911e-01,7.429883028395067868e-01,7.477998599829722703e-01,6.239478109956063667e-01,3.986235063757197494e-01,1.152650582460017920e-01,-1.751763399588330272e-01,-4.236857907814354784e-01,-5.915586667539931565e-01,-6.562697218954659517e-01,-6.140073991584942270e-01,-4.787387638849661120e-01,-2.783164801030220126e-01,-4.861745763166520212e-02,1.730576520747623137e-01,3.541093474354886084e-01,4.713063660504904773e-01,5.133908829973470311e-01,4.814515148896234553e-01,3.872963155215241593e-01,2.503613326614906320e-01,9.385579029944714213e-02,-5.913468512247133102e-02,-1.889699250614430837e-01,-2.817756220722011373e-01,-3.305644278777876144e-01,-3.351814416912715089e-01,-3.012763777912889074e-01,-2.386187588251876268e-01,-1.591156003460237334e-01,-7.487003521853678734e-02,3.449744650543517307e-03,6.775833663823767339e-02,1.131480473917704510e-01,1.379537019709466683e-01,1.433802230080250539e-01,1.328277843504602485e-01,1.110631048675525673e-01,8.337533610460597100e-02,5.482790087825188674e-02,2.968134078213220672e-02,1.102398792209717884e-02,6.128567484432993632e-04,-1.099653002767241863e-03,5.204924264472367279e-03,1.797591277052170214e-02,3.510261613708060002e-02,5.422413289425410954e-02,7.300613879386437521e-02,8.936237466691118736e-02,1.016097997164419064e-01,1.085560593679978231e-01,1.095253309988333951e-01,1.043334920442731961e-01,9.322602381860603526e-02,7.679249521642809995e-02,5.587037066241705430e-02,3.144879562643535659e-02,4.580428040498312273e-03,-2.369328533627426334e-02,-5.240044041462884467e-02,-8.067970840310971503e-02,-1.078046912010963559e-01,-1.331932061166145875e-01,-1.564035555760658336e-01,-1.771197596331596513e-01,-1.951270811957902529e-01,-2.102777689622196688e-01,-2.224442585983493759e-01,-2.314518041428992035e-01,-2.369714684732613652e-01,-2.383297467243178369e-01,-2.341340316574386515e-01,-2.214867531990166172e-01,-1.943845029838513760e-01,-1.417760694168315461e-01,-5.717451783577972430e-02
8.489295767251764380e-01,7.647316799105631224e-01,5.292783619266747674e-01,1.902938349602456836e-01,-1.838813219378947761e-01,-5.185061728674458248e-01,-7.478025219852751926e-01,-8.281904989610805456e-01,-7.466488965540208911e-01,-5.225711393990644105e-01,-2.029296436478002785e-01,1.480072507967991891e-01,4.620587905508932725e-01,6.807236219197791982e-01,7.661914731391632483e-01,7.076789580788859224e-01,5.220876596406264225e-01,2.492137820886147770e-01,-5.716761075224922883e-02,-3.402869025753352261e-01,-5.511269112392143121e-01,-6.568712156815178504e-01,-6.456323792849874010e-01,-5.269015363107139027e-01,-3.280458380382492711e-01,-8.790467198140623772e-02,1.510282082176172269e-01,3.502537245553433709e-01,4.813852602190433205e-01,5.298244626576728011e-01,4.956476311746895735e-01,3.919056621878848623e-01,2.409748130819417411e-01,6.984920790508195032e-02,-9.468016652425441382e-02,-2.301389817458892595e-01,-3.212037923020955033e-01,-3.609931594856697901e-01,-3.508531399958333963e-01,-2.989168801228831440e-01,-2.178696711867658398e-01,-1.224025413226857290e-01,-2.679964541010524184e-02,5.699860919267386167e-02,1.206531355311992321e-01,1.599442127656857393e-01,1.746136122037490745e-01,1.676828837087228352e-01,1.444465284446109776e-01,1.113454494190171951e-01,7.490064345249823619e-02,4.084074567873879902e-02,1.350157806315448877e-02,-4.478322750882318855e-03,-1.218745701549940434e-02,-1.024953149909844062e-02,-4.803967300062941424e-04,1.453218075058214896e-02,3.185878968448481452e-02,4.861556001225849494e-02,6.227251528842234207e-02,7.086495619521177014e-02,7.310524304456687827e-02,6.840431511399056030e-02,5.682015345802602507e-02,3.895428313143405735e-02,1.581791664250697949e-02,-1.131268358486059618e-02,-4.103567596308476534e-02,-7.194637695654627907e-02,-1.027361314779995094e-01,-1.322641664084592272e-01,-1.596025049707558152e-01,-1.840563598065296236e-01,-2.051638765965487776e-01,-2.226797586371309645e-01,-2.365473020435314988e-01,-2.468628522384158641e-01,-2.538357619523498587e-01,-2.577456149914866268e-01,-2.588966462401783297e-01,-2.575664834041971885e-01,-2.539413978536142480e-01,-2.480203412733042734e-01,-2.394482116753505196e-01,-2.271884017934792110e-01,-2.088331080551609209e-01,-1.791940346343394996e-01,-1.285916251161954849e-01,-5.135156605371783700e-02
8.489295767251764380e-01,7.597124245368116480e-01,5.112779582437904091e-01,1.569152049328481069e-01,-2.277774211668489590e-01,-5.615036959994641474e-01,-7.749160451243770620e-01,-8.253333943055607413e-01,-7.053158460479830305e-01,-4.433569361373203011e-01,-9.678596843772116487e-02,2.612823356436496103e-01,5.578607601494387502e-01,7.352827954218810191e-01,7.624365731556537185e-01,6.398504558691833211e-01,3.979141157877495449e-01,8.905030382529979804e-02,-2.241078157436898755e-01,-4.817854988868425781e-01,-6.385936335376770634e-01,-6.712900714122950196e-01,-5.815356926970920437e-01,-3.935549382709357391e-01,-1.476584845475017727e-01,1.086802018514076013e-01,3.302011309323434896e-01,4.818346575495925377e-01,5.439243307862818844e-01,5.140450771430170596e-01,4.055040759750561663e-01,2.432295959415287367e-01,5.814499581341003864e-02,-1.187519508192644013e-01,-2.615118034356467835e-01,-3.527781178011816787e-01,-3.853801708814882931e-01,-3.620066881577914120e-01,-2.933242977774593863e-01,-1.951115775921287709e-01,-8.504803653480783043e-02,2.025883057343686247e-02,1.075717843253586464e-01,1.684036172033383238e-01,1.994307363657729093e-01,2.020574468213900965e-01,1.813595421570673716e-01,1.446871327645812277e-01,1.002022241023621113e-01,5.557950802733220563e-02,1.702639780674899961e-02,-1.130207854368232671e-02,-2.749177297271370585e-02,-3.171691261735141293e-02,-2.583822609076672286e-02,-1.285772409344032412e-02,3.667924792372837407e-03,2.017087054421196415e-02,3.351271827108812801e-02,4.128955339994631185e-02,4.199328736332801765e-02,3.504093043576646943e-02,2.069670645493459568e-02,-8.121986317390492073e-05,-2.583640677474978789e-02,-5.482224859799216671e-02,-8.519839329827828822e-02,-1.151984024000049373e-01,-1.432587544207513663e-01,-1.681056699193274884e-01,-1.888013083731301112e-01,-2.047544455789646889e-01,-2.157028171371082048e-01,-2.216751031955431495e-01,-2.229403140591764698e-01,-2.199514231372982909e-01,-2.132887702976928035e-01,-2.036072620161696600e-01,-1.915898942249377179e-01,-1.779087108849968513e-01,-1.631929856517601862e-01,-1.480030476240540571e-01,-1.328064097153190126e-01,-1.179498492478809751e-01,-1.036147997036139939e-01,-8.972902711425936872e-02,-7.577568820637202440e-02,-6.039632386444395568e-02,-4.090699126962828863e-02,-1.574166685567237461e-02
8.489295767251764380e-01,7.546102820403128852e-01,4.931019611509068201e-01,1.236365030222958544e-01,-2.705606229794458306e-01,-6.015486316609406359e-01,-7.967879575712897289e-01,-8.153429301458859912e-01,-6.564552421748961475e-01,-3.586887773197203755e-01,9.860108939041654572e-03,3.677015341347102395e-01,6.384716314174283536e-01,7.674935634780466476e-01,7.327198561266936583e-01,5.478989850066678935e-01,2.577226195873146830e-01,-7.345127604033042934e-02,-3.763701830055078412e-01,-5.916678918287221478e-01,-6.814527478367138347e-01,-6.354828236807815722e-01,-4.710926618278415412e-01,-2.274678046768291717e-01,4.398728530115458835e-02,2.908006331998425620e-01,4.696643431024449256e-01,5.537832933082432740e-01,5.362096642918781075e-01,4.289920264273724415e-01,2.588326919843851881e-01,6.054766010915135777e-02,-1.301264294528260146e-01,-2.829318687294924417e-01,-3.776197099815984393e-01,-4.060559773896811331e-01,-3.718942650399816863e-01,-2.882583326050668360e-01,-1.741687547378990009e-01,-5.054855637988505540e-02,6.342960185971842357e-02,1.530906403486790857e-01,2.097972517956096239e-01,2.312468518018438168e-01,2.207078500135954691e-01,1.855203620176318624e-01,1.352436638052291473e-01,7.981297035747782209e-02,2.799190804065250851e-02,-1.369991070271846072e-02,-4.151742083031786240e-02,-5.451015153256241752e-02,-5.413421143291115289e-02,-4.359744574847086024e-02,-2.708716752963213903e-02,-9.013586153878875434e-03,6.630116049567161274e-03,1.672930775442617660e-02,1.930786501634446095e-02,1.359583483019829835e-02,-6.272983665038399826e-05,-2.041625288881251596e-02,-4.557717996014707534e-02,-7.331293362007701431e-02,-1.013191307765770460e-01,-1.274488732572240657e-01,-1.498832510416363561e-01,-1.672383569177819385e-01,-1.786121615935719886e-01,-1.835801467742791959e-01,-1.821516814099253811e-01,-1.747000896671307979e-01,-1.618786952400506074e-01,-1.445333799691631560e-01,-1.236198751185470374e-01,-1.001315358435193176e-01,-7.504105211329266389e-02,-4.925763802824564830e-02,-2.359984967511739515e-02,1.216599528994664328e-03,2.457671431655457372e-02,4.594955109172877555e-02,6.485422834887222265e-02,8.080001287832186407e-02,9.317866868684326898e-02,1.010566837308350951e-01,1.027474328213189153e-01,9.494904550505545160e-02,7.170132222002688349e-02,2.950212165972727202e-02
8.489295767251764380e-01,7.494320260438701586e-01,4.747802155088900466e-01,9.052797538595290516e-02,-3.121198664901766451e-01,-6.385354648091321472e-01,-8.134350777727875625e-01,-7.985389808159586433e-01,-6.008814643090812924e-01,-2.699809620695137191e-01,1.150872583176064806e-01,4.652083875883209485e-01,7.023499732832634290e-01,7.771441070146778429e-01,6.789159660302053201e-01,4.362022913204803287e-01,1.082104463785272669e-01,-2.302008411077701433e-01,-5.060918121492590238e-01,-6.643416655817280247e-01,-6.783947550263859094e-01,-5.538648453434547037e-01,-3.248275884000614289e-01,-4.430521206483280239e-02,2.284034667760441728e-01,4.404794750087530075e-01,5.556855052983485921e-01,5.599730745408932897e-01,4.619493009886737056e-01,2.887356636932841836e-01,7.865188101154570177e-02,-1.273771880179296878e-01,-2.938006353940693649e-01,-3.963188223173405578e-01,-4.248201824618166866e-01,-3.832550559530344403e-01,-2.869459415779802569e-01,-1.582486927581503167e-01,-2.163995311971032842e-02,1.007728165563239187e-01,1.925796321677253620e-01,2.448454992549328746e-01,2.563039068510701290e-01,2.322249232419711096e-01,1.824020175318603609e-01,1.187684647560056789e-01,5.311535456799820754e-02,-4.730907022317863177e-03,-4.806569198885361077e-02,-7.374605434468296805e-02,-8.199031067386397531e-02,-7.570097616244805816e-02,-5.951477610199926160e-02,-3.878120749451459404e-02,-1.863724970779851581e-02,-3.293636387319120312e-03,4.409448277528656146e-03,3.171847138153226046e-03,-6.836808528140649044e-03,-2.422649979933447217e-02,-4.674435953123592946e-02,-7.167144929096611050e-02,-9.620094751932016519e-02,-1.177559867093385809e-01,-1.342228493007674717e-01,-1.440913433963882107e-01,-1.465071468536447707e-01,-1.412499000662108262e-01,-1.286557964515067931e-01,-1.095048703153868319e-01,-8.489193216593368674e-02,-5.609707409653677535e-02,-2.446773378689588371e-02,8.679812593377442959e-03,4.213543155147209812e-02,7.484558482515950295e-02,1.059404996996254067e-01,1.347406615766955362e-01,1.607457154174155023e-01,1.836084677708528234e-01,2.030952777090339334e-01,2.190312378916122737e-01,2.312228836504812701e-01,2.393394667123498465e-01,2.427079912809198825e-01,2.399177397033741832e-01,2.279986107346777535e-01,2.007541767588023052e-01,1.467416703408327416e-01,5.925088800960477686e-02
8.489295767251764380e-01,7.441844907750075899e-01,4.563422033118110233e-01,5.765678853813217125e-02,-3.523547761007062018e-01,-6.723836229024271471e-01,-8.249179371976017583e-01,-7.752989628038730041e-01,-5.394572440696783211e-01,-1.786407898683879669e-01,2.171011507305037336e-01,5.520577747282587877e-01,7.484818531726625812e-01,7.647280425990672370e-01,6.036463302366250616e-01,3.096891084453564646e-01,-4.387107204542360639e-02,-3.738393962909889456e-01,-6.070978015215788837e-01,-6.968117449585942147e-01,-6.312837346990811671e-01,-4.339849352370836466e-01,-1.555466577709227194e-01,1.396756743881977236e-01,3.888488188910346199e-01,5.440729809947966178e-01,5.811498426471578549e-01,5.022905031352450367e-01,3.328876673892988691e-01,1.137835290435862540e-01,-1.087338070831478515e-01,-2.927871415669472954e-01,-4.085807529514282610e-01,-4.426132735562459120e-01,-3.980834905922950862e-01,-2.919860398637075249e-01,-1.499926772609221914e-01,-4.805998338471587040e-04,1.309937734848978241e-01,2.257941006218241731e-01,2.743510016339275048e-01,2.763047490728154920e-01,2.389834670457495203e-01,1.748040059082373032e-01,9.826717245553655278e-02,2.315881290828479544e-02,-3.959351054812740994e-02,-8.316848648755788276e-02,-1.051717250310894858e-01,-1.071647870180296308e-01,-9.364427131971088392e-02,-7.075254295808687532e-02,-4.498413317435374231e-02,-2.209383883733937945e-02,-6.334008417795944888e-03,-6.784181136739659873e-05,-3.736740699803151738e-03,-1.611109793993982173e-02,-3.472808719994316395e-02,-5.641518706723025467e-02,-7.780960439570996923e-02,-9.580541113930429731e-02,-1.078861105678752541e-01,-1.123255536166251484e-01,-1.082611927961146803e-01,-9.565874806387610063e-02,-7.519602966491528706e-02,-4.809652750129329857e-02,-1.594168304179619661e-02,1.951398403946472127e-02,5.650704500840547650e-02,9.339743942957011436e-02,1.287637641024978186e-01,1.614614341148350174e-01,1.906471467277226217e-01,2.157752484517510005e-01,2.365725186856606765e-01,2.529977591456179509e-01,2.651916350188383564e-01,2.734205893054396652e-01,2.780162997052363361e-01,2.793086440690324412e-01,2.775442472565225471e-01,2.727712617710121856e-01,2.646463300387797979e-01,2.520630773790140111e-01,2.323764745032375345e-01,1.998229220890554436e-01,1.436039093317135196e-01,5.739480243221056072e-02
8.489295767251764380e-01,7.388745602136735924e-01,4.378169753144863785e-01,2.508684862159958270e-02,-3.911758242962551368e-01,-7.030369160936752460e-01,-8.313377962806204335e-01,-7.460496696645338988e-01,-4.730773557412814578e-01,-8.604308261224469234e-02,3.142649351357639786e-01,6.268387783292683757e-01,7.763738159391199156e-01,7.313786490419227349e-01,5.101280383086395087e-01,1.735923766606833896e-01,-1.920373101242309477e-01,-4.980687656099702654e-01,-6.751313964078514696e-01,-6.886756137099580011e-01,-5.447893394805882750e-01,-2.857187965052673806e-01,2.288326329509307935e-02,3.091076239950896754e-01,5.117868392032791647e-01,5.933265253321112764e-01,5.458170304134120077e-01,3.897774628029439525e-01,1.666991781906554393e-01,-7.215234454095516281e-02,-2.776887177848489929e-01,-4.129608597247316770e-01,-4.592340887123448900e-01,-4.174253864453054130e-01,-3.052857864487529826e-01,-1.515720781752359914e-01,1.110760220076594841e-02,1.530936566936947352e-01,2.528051517238348311e-01,2.994631600928401860e-01,2.932945802290432002e-01,2.436311132406444036e-01,1.656566506935427396e-01,7.667443326610236254e-02,-7.314758098668197074e-03,-7.415137600191633316e-02,-1.168846453968592075e-01,-1.339583320230122998e-01,-1.284228417861802141e-01,-1.065128431229182271e-01,-7.596875952242064522e-02,-4.444222696066921913e-02,-1.823566376787172372e-02,-1.513416434646670935e-03,3.987712015255497414e-03,-1.191154836281468812e-03,-1.470261956794694132e-02,-3.304586806841509905e-02,-5.226455405849874530e-02,-6.857844137951477070e-02,-7.887335037687646933e-02,-8.101212147123509899e-02,-7.396328315681550969e-02,-5.776986821295359426e-02,-3.339677082244430634e-02,-2.501552983235499732e-03,3.282762167475428150e-02,7.032988702261305791e-02,1.077979825882298404e-01,1.432560097006086719e-01,1.750813756341425553e-01,2.020715858675205534e-01,2.234622120853972937e-01,2.389057447605700824e-01,2.484224012725055331e-01,2.523337369904938288e-01,2.511885833948523938e-01,2.456888672733589796e-01,2.366206117338964243e-01,2.247931195703595231e-01,2.109870673141229780e-01,1.959098438461638614e-01,1.801534116458626544e-01,1.641448888655251126e-01,1.480696375339230209e-01,1.317230457607571070e-01,1.141950727636291130e-01,9.321885942192638386e-02,6.437811610561383624e-02,2.509329316372885255e-02
8.489295767251764380e-01,7.335091573595480252e-01,4.192330866464377692e-01,-7.121354347100982383e-03,-4.285044078465992667e-01,-7.304627766901583552e-01,-8.328333516204174947e-01,-7.112589100502946238e-01,-4.026528652687188514e-01,6.492771653613962045e-03,4.051236047455086253e-01,6.884864732659728981e-01,7.860299560686523357e-01,6.787856712968061146e-01,4.020116405508402102e-01,3.321022229713194857e-02,-3.303495738544195981e-01,-5.978936011300866049e-01,-7.079477240783520475e-01,-6.419482120428068317e-01,-4.258516851962730887e-01,-1.203569829463586177e-01,1.967296470099560712e-01,4.507734705277902654e-01,5.878917223297027705e-01,5.857663578686731487e-01,4.557878091441376900e-01,2.370096115149210314e-01,-1.565615136649005021e-02,-2.454924761526379173e-01,-4.067071345042223562e-01,-4.730825620466764247e-01,-4.411477720559781601e-01,-3.279527462297432416e-01,-1.647470214106357411e-01,1.142028376449609299e-02,1.660321768325478675e-01,2.736008828975427520e-01,3.212716436962828603e-01,3.092854065522535056e-01,2.487636112667151456e-01,1.577511413487700520e-01,5.663299154791173046e-02,-3.605129531662153858e-02,-1.066564311178605229e-01,-1.479806922204196518e-01,-1.593217790393073874e-01,-1.453323802637646045e-01,-1.141345164187015093e-01,-7.519149828313323458e-02,-3.737191449010619781e-02,-7.508939020418883663e-03,1.039829902356172696e-02,1.534078863013254961e-02,8.924079680638283274e-03,-5.362910411824004832e-03,-2.303986700140053454e-02,-3.951173281831922568e-02,-5.079732502525585724e-02,-5.403134951154821286e-02,-4.771431530550831329e-02,-3.172845823287379768e-02,-7.167501274797725974e-03,2.395697139819687529e-02,5.906781231438675700e-02,9.537633263541768491e-02,1.301947230379775222e-01,1.611794229620335250e-01,1.864932451468373498e-01,2.048867839496131271e-01,2.157088451079321456e-01,2.188611442138091445e-01,2.147147090288736571e-01,2.040049944071076204e-01,1.877205100143232719e-01,1.669965731652240382e-01,1.430223097379173525e-01,1.169657447857893329e-01,8.991909238456498310e-02,6.286437817318239751e-02,3.665844478738517626e-02,1.203637560235564299e-02,-1.036615389876676015e-02,-2.996700751463156689e-02,-4.615402871786949968e-02,-5.812741135957046751e-02,-6.458270897987371251e-02,-6.308100423522318423e-02,-4.928953226592693027e-02,-2.066268474001926175e-02
8.489295767251764380e-01,7.280952336429608041e-01,4.006185365928497388e-01,-3.891087723101004786e-02,-4.642728410657235849e-01,-7.546513179667460047e-01,-8.295771996442580232e-01,-6.714271016528995384e-01,-3.290962063460934339e-01,9.772292548186130301e-02,4.884221172639931496e-01,7.362832481801078188e-01,7.779153196745711707e-01,6.090995592531489589e-01,2.832159468094531674e-01,-1.063146085446988048e-01,-4.536422123067355150e-01,-6.697706719110300133e-01,-7.052794412906268073e-01,-5.607467039625845251e-01,-2.830372164408103131e-01,5.032736102811512235e-02,3.534618702757680864e-01,5.545511712490048817e-01,6.125524606219027168e-01,5.244610820908998106e-01,3.223319864937477797e-01,6.199592711553346402e-02,-1.927124244147392085e-01,-3.857654682366040144e-01,-4.809424729314341618e-01,-4.676546312553800933e-01,-3.600844699269153959e-01,-1.908162297742349023e-01,-1.259193577108099187e-03,1.684537293570571304e-01,2.877356195976054631e-01,3.404505345103943093e-01,3.259516225975724879e-01,2.567035531587659736e-01,1.536088397642429160e-01,4.044411082795270479e-02,-6.126955450182066526e-02,-1.359923152450438766e-01,-1.760065682888435901e-01,-1.813798782096882889e-01,-1.584369587943338931e-01,-1.173446326482071589e-01,-6.945903803891113892e-02,-2.498907286942019662e-02,8.652888959361988361e-03,2.765463025995046342e-02,3.179666903056411337e-02,2.380893704763658442e-02,8.341045976395832298e-03,-9.193483266939318430e-03,-2.367696270932663494e-02,-3.109698057889326642e-02,-2.902872803329843709e-02,-1.678437196482366819e-02,4.722337216340619960e-03,3.331551029219056298e-02,6.600842298378215012e-02,9.948014925801662578e-02,1.305081801849670708e-01,1.563105286184039711e-01,1.747742802762418668e-01,1.845679845478158665e-01,1.851505938234449256e-01,1.766991669104835128e-01,1.599816226617968018e-01,1.362005050292946773e-01,1.068303395654338073e-01,7.346606970740347797e-02,3.769441778551788774e-02,9.946942302413541541e-04,-3.532885215383704813e-02,-7.018428801336415446e-02,-1.027019339958325367e-01,-1.322206788202318906e-01,-1.582535651217339967e-01,-1.804329717766731123e-01,-1.984302240037089937e-01,-2.118330057381413445e-01,-2.199388232813246358e-01,-2.213653008281558643e-01,-2.132515100143201614e-01,-1.896480281423138514e-01,-1.395691146485308620e-01,-5.657822402199127326e-02
8.489295767251764380e-01,7.226397585021772096e-01,3.820007126938201325e-01,-7.022842969062657870e-02,-4.984242704348432751e-01,-7.756142335173807911e-01,-8.217721213357129795e-01,-6.270789632604084618e-01,-2.533073122337547445e-01,1.864961023890994996e-01,5.631173284707247095e-01,7.698505623347308147e-01,7.529081620073374559e-01,5.248280243976644055e-01,1.577671873093640931e-01,-2.401882811287785469e-01,-5.576911549078200636e-01,-7.116666808527162269e-01,-6.686902242699493959e-01,-4.508718896688711508e-01,-1.258451591584431872e-01,2.149544063267998240e-01,4.826142185554510022e-01,6.139929623717639284e-01,5.858836429115462652e-01,4.172517977667367095e-01,1.602846270320614774e-01,-1.160935304894023801e-01,-3.450460665849492403e-01,-4.778690368110392050e-01,-4.935626676312869776e-01,-4.004241200958962854e-01,-2.304005504973591079e-01,-2.863990348130083380e-02,1.585220612289945374e-01,2.940468673923353204e-01,3.569464496349725735e-01,3.443684762388408149e-01,2.693394998332702683e-01,1.554376672595723374e-01,3.013068385374119418e-02,-8.151640258129047578e-02,-1.614748544149456622e-01,-2.010603265908003923e-01,-2.008882558592020029e-01,-1.689581582977297824e-01,-1.176416023335728755e-01,-6.041086801327541500e-02,-9.016838721956280459e-03,2.842185091220817902e-02,4.824054338440136175e-02,5.103679011457186443e-02,4.071916608309068125e-02,2.313690164840888699e-02,4.630636165405340073e-03,-9.219462265950977703e-03,-1.447135242659800501e-02,-9.254514318441629112e-03,6.218364907636587079e-03,2.997348459099668724e-02,5.881002421663478197e-02,8.891949998825637858e-02,1.164805547302645433e-01,1.381493008072026130e-01,1.513998347585826798e-01,1.547018255579225843e-01,1.475477451054303391e-01,1.303593359903335303e-01,1.043112432618212709e-01,7.111067607284897452e-02,3.276753077567243905e-02,-8.618210172613981548e-03,-5.103381813122692678e-02,-9.268642401832746791e-02,-1.320886042929990678e-01,-1.681000052178188986e-01,-1.999314365482878220e-01,-2.271194052234572769e-01,-2.494790289343707945e-01,-2.670419196423715613e-01,-2.799830354036620950e-01,-2.885363176889618186e-01,-2.928918695537232608e-01,-2.930540074360828418e-01,-2.886109642657715413e-01,-2.783021684060376644e-01,-2.591262808828049269e-01,-2.245341389370912322e-01,-1.622398558462105900e-01,-6.505343361255555568e-02
8.489295767251764380e-01,7.171497091485133923e-01,3.634063392840113371e-01,-1.010244556146647904e-01,-5.309125154567935212e-01,-7.933835590493705237e-01,-8.096472509087628833e-01,-5.787554344127352479e-01,-1.761609898939352770e-01,2.717674220750964653e-01,6.283839728867137708e-01,7.891322665231179645e-01,7.122437424780770909e-01,4.287296003120978360e-01,2.964889506889736154e-02,-3.641261192746022557e-01,-6.393214161098729198e-01,-7.230312728094429042e-01,-6.013375412644729190e-01,-3.193259585289776603e-01,3.597940190326961996e-02,3.632949751411075345e-01,5.763953667014456439e-01,6.265293683582081607e-01,5.123007530708479917e-01,2.755944827020989085e-01,-1.376064370002472170e-02,-2.790851571026434219e-01,-4.573058147210160018e-01,-5.134098842177117206e-01,-4.458923874505231755e-01,-2.830225251228423167e-01,-7.219596580881439130e-02,1.339141313966534519e-01,2.904649446684801628e-01,3.697034962040618988e-01,3.647579321585350809e-01,2.879709470799974302e-01,1.651117361766824276e-01,2.754678978002798526e-02,-9.545848733919908014e-02,-1.825848717773050911e-01,-2.234959022830538267e-01,-2.189423749181824974e-01,-1.784951114939765937e-01,-1.168747977953836920e-01,-4.994850324623285182e-02,8.696353912902113695e-03,5.001168409997486242e-02,7.036777938338641125e-02,7.117029861242542277e-02,5.756338227345957070e-02,3.667052177957553366e-02,1.581216295505336045e-02,1.042369804631171175e-03,-3.792770119292080116e-03,2.583802460511866548e-03,1.903932637495733132e-02,4.257223327072795493e-02,6.906293327592009923e-02,9.406749678131380576e-02,1.135198131687182727e-01,1.242544049606577189e-01,1.243109234104960159e-01,1.130236360135320473e-01,9.092985369162151499e-02,5.954862860712297618e-02,2.108624691536360729e-02,-2.187924320236348669e-02,-6.669260520507236389e-02,-1.108664108578021057e-01,-1.522610791582654499e-01,-1.891961177465215638e-01,-2.204974802727613370e-01,-2.454916043375627577e-01,-2.639594509809473077e-01,-2.760642477714290166e-01,-2.822652869133144837e-01,-2.832276652087805657e-01,-2.797347522175224754e-01,-2.726066747373612209e-01,-2.626240683367411788e-01,-2.504509470148210126e-01,-2.365415130774134456e-01,-2.209974139826745843e-01,-2.033008117084598443e-01,-1.817581520466296230e-01,-1.523633582966723854e-01,-1.074179590066990236e-01,-4.242332707163506966e-02
8.489295767251764380e-01,7.116320605394075294e-01,3.448614305658657120e-01,-1.312531905825438105e-01,-5.617018410834384579e-01,-8.080103188789146129e-01,-7.934541886251490483e-01,-5.270059377604231488e-01,-9.849568015705645330e-02,3.526089842232437155e-01,6.836150748180273018e-01,7.943707799743141562e-01,6.574523707684148954e-01,3.237085092930763741e-01,-9.733232846840679520e-02,-4.744757076452440492e-01,-6.964547581770137441e-01,-7.046961918139074132e-01,-5.076694400299108789e-01,-1.738058129831558107e-01,1.930774244611872525e-01,4.868648777986456233e-01,6.300241359968554722e-01,5.933254020951547192e-01,3.997537670437727453e-01,1.131801162374011654e-01,-1.832407655699149207e-01,-4.116117973331805957e-01,-5.195439534575077012e-01,-4.910686402160268083e-01,-3.464797359426725620e-01,-1.326804714167097721e-01,9.203680678605197230e-02,2.739606093243000529e-01,3.764354750101274738e-01,3.862162499201392540e-01,3.131070375581740950e-01,1.841096025376940948e-01,3.446871140977812026e-02,-1.016685393009540556e-01,-1.986833462962794838e-01,-2.436182532295803060e-01,-2.366883826937397906e-01,-1.887658438364649416e-01,-1.170129462811416721e-01,-4.001687444447227932e-02,2.639827704062266620e-02,7.191280670693146748e-02,9.272434903036085030e-02,9.098820990547197562e-02,7.314162961417969289e-02,4.769948068077648623e-02,2.308381972047773498e-02,5.913369491043685665e-03,-1.136062227810451438e-05,6.017474628092482625e-03,2.197342968163941770e-02,4.388584472199463793e-02,6.682858130566318722e-02,8.589368004666626810e-02,9.698926079764275121e-02,9.736881507116844359e-02,8.586535047249443942e-02,6.285736745329736919e-02,3.002873142419722544e-02,-9.999562991484210739e-03,-5.408813534664212719e-02,-9.898286020836860599e-02,-1.416561597401940209e-01,-1.795587882495647825e-01,-2.107732675674261480e-01,-2.340745541357828197e-01,-2.489131716389270943e-01,-2.553410343012696426e-01,-2.539012607475866767e-01,-2.455014938682047732e-01,-2.312867069589095159e-01,-2.125231733441652615e-01,-1.905009679733014882e-01,-1.664585691491750619e-01,-1.415301228345245688e-01,-1.167138296341882625e-01,-9.285871577552669287e-02,-7.066673486820387873e-02,-5.070781300253678070e-02,-3.344754755468906660e-02,-1.929186302334256337e-02,-8.659265808044921964e-03,-2.063083238336446777e-03,1.883365983423305101e-04
8.489295767251764380e-01,7.060937755781476755e-01,3.263912482810304994e-01,-1.608726960347781343e-01,-5.907666674408772467e-01,-8.195630793944377324e-01,-7.734631144171187911e-01,-4.723810836656187617e-01,-2.110370513626443068e-02,4.282172592307516568e-01,7.284172953114725901e-01,7.860775148243595023e-01,5.902943375533070691e-01,2.127146079141388202e-01,-2.196613089073480574e-01,-5.683012868714352184e-01,-7.281018166523062218e-01,-6.587145792617764561e-01,-3.930812254273705619e-01,-2.220786569654060669e-02,3.370148542683765180e-01,5.793309131019617197e-01,6.417978061729788797e-01,5.188448411469070987e-01,2.587337056685324876e-01,-5.550167898653496357e-02,-3.332074345775050128e-01,-5.024166586209372065e-01,-5.277815712620316235e-01,-4.160723666152000844e-01,-2.093540368913431871e-01,3.053982701866099145e-02,2.407056778712328149e-01,3.734893210834739352e-01,4.064237874429523223e-01,3.441817788019312374e-01,2.133524517279193899e-01,5.260536363956488937e-02,-9.845834843727875596e-02,-2.087450135593385825e-01,-2.613867184377667297e-01,-2.550528870755803812e-01,-2.013948134242196375e-01,-1.199947620097724515e-01,-3.250532394844491552e-02,4.250080582406292468e-02,9.294434836498575991e-02,1.145150888487469071e-01,1.099835799201032832e-01,8.712399114506055864e-02,5.599958470858595883e-02,2.632922060724296812e-02,5.470792826639534964e-03,-2.696015016623757015e-03,2.043686361903118871e-03,1.681992419320603102e-02,3.674676698636332450e-02,5.617301139965536622e-02,6.984523115574962915e-02,7.379333047338809681e-02,6.584334759493071232e-02,4.574984504627371829e-02,1.500649747399599235e-02,-2.356763456655593808e-02,-6.635637581091323456e-02,-1.094884061114216045e-01,-1.493146663440003130e-01,-1.827715499924959242e-01,-2.076085436633692827e-01,-2.224826647721197537e-01,-2.269388647349518950e-01,-2.213050715789502132e-01,-2.065335606231313292e-01,-1.840184089556977376e-01,-1.554136898551289336e-01,-1.224704645570603712e-01,-8.690387753453567010e-02,-5.029570505910709033e-02,-1.403311452940478495e-02,2.071855164036289290e-02,5.301229695869279918e-02,8.208771483802528024e-02,1.073096311459294377e-01,1.280670348963634242e-01,1.436025405367400698e-01,1.526978015226367058e-01,1.530419569147130066e-01,1.399732545046285803e-01,1.049609664825004313e-01,4.300999624912110048e-02
8.489295767251764380e-01,7.005417955575150568e-01,3.080202640168365757e-01,-1.898448709704640691e-01,-6.180912228701267441e-01,-8.281264314408004479e-01,-7.499589547318912253e-01,-4.154259002926257160e-01,5.527693691065170556e-02,4.979174091941090952e-01,7.626018142174213477e-01,7.649989792423163015e-01,5.126941883628891583e-01,9.865155225318839038e-02,-3.342065317398119628e-01,-6.434299691625358086e-01,-7.343054506841250051e-01,-5.881561500682863652e-01,-2.635571208613901595e-01,1.278252968866011585e-01,4.607026583793571994e-01,6.367216701045361749e-01,6.129212660515384048e-01,4.101973275550311326e-01,1.011726826557926701e-01,-2.165075865369606445e-01,-4.515686075105517783e-01,-5.450745931362377394e-01,-4.838445270224940864e-01,-2.989602502693658459e-01,-5.181126274003339943e-02,1.865498126117413613e-01,3.558890539115418528e-01,4.213804060867558654e-01,3.791774610396306811e-01,2.528965773795701089e-01,8.346838100189449272e-02,-8.381091075749036445e-02,-2.111426652239248303e-01,-2.761354241949410815e-01,-2.744811427700338813e-01,-2.177238528732785006e-01,-1.276328309832509278e-01,-2.923571638306182718e-02,5.553153188551680774e-02,1.121699529684251073e-01,1.353557876060300647e-01,1.282228842164593874e-01,9.988361178382328120e-02,6.213364978684381840e-02,2.625677666590204781e-02,6.130293249448371664e-04,-1.063719544503749677e-02,-7.648779182430538205e-03,5.924380285303216739e-03,2.430806781634279115e-02,4.115106358455539876e-02,5.089571454755372620e-02,4.975134858977237756e-02,3.617436163242792463e-02,1.087264325880495618e-02,-2.356679380865119716e-02,-6.328598313506335338e-02,-1.038528515724043561e-01,-1.409204953090653911e-01,-1.707591592658903312e-01,-1.906125898191092516e-01,-1.988683304770233751e-01,-1.950607375240843155e-01,-1.797438933049533005e-01,-1.542795249466255014e-01,-1.205844215816576637e-01,-8.087535033392860562e-02,-3.743982454587732600e-02,7.549396180375415009e-03,5.216779273480575546e-02,9.481996298096458109e-02,1.342726000188498026e-01,1.696471706121744083e-01,2.003805196579831749e-01,2.261601326278445123e-01,2.468369554917814179e-01,2.623113348040052584e-01,2.723733489928109597e-01,2.764485641458855891e-01,2.731321191227954470e-01,2.592447567206535575e-01,2.279365402412217301e-01,1.663946962327459145e-01,6.712663849279071338e-02
8.489295767251764380e-01,6.949830308631238518e-01,2.897721261576191032e-01,-2.181354421193333060e-01,-6.436691465057446937e-01,-8.337994229709376759e-01,-7.232376501973956096e-01,-3.566736558542114577e-01,1.299692076752816672e-01,5.611647265444023036e-01,7.861714115763089872e-01,7.320799751550282064e-01,4.266765481194632059e-01,-1.570436846464624836e-02,-4.382888742852914521e-01,-6.984620929634982600e-01,-7.160438216112210430e-01,-4.968745079697617917e-01,-1.253196404220193461e-01,2.692929261607330260e-01,5.586842525008034466e-01,6.574525779342923482e-01,5.471414368870246570e-01,2.763518741347662511e-01,-6.064927936002274811e-02,-3.575772354795349606e-01,-5.299069663715630929e-01,-5.381321590324784632e-01,-3.945891317445613944e-01,-1.538894714262000196e-01,1.079251842211326196e-01,3.176969355176148535e-01,4.252683090309959946e-01,4.141950657965950411e-01,3.014598022984353309e-01,1.280469239832600914e-01,-5.547128199272994414e-02,-2.035230666680264422e-01,-2.863223680024796214e-01,-2.946672204462170708e-01,-2.386104783861699996e-01,-1.415250580513623679e-01,-3.198939176728111261e-02,6.401771255902188873e-02,1.287286065279018010e-01,1.550798468697319465e-01,1.461410537236623453e-01,1.122748541229200842e-01,6.719437341292114341e-02,2.408325963592077706e-02,-7.338292073538062524e-03,-2.234091774134383188e-02,-2.127346744355753175e-02,-8.506959623461715983e-03,9.286612681749191467e-03,2.501128305671772301e-02,3.275728133557290894e-02,2.887589602241385361e-02,1.242110083850515162e-02,-1.499317209395056687e-02,-4.977171597951242366e-02,-8.715896263526412557e-02,-1.221110731426409551e-01,-1.500648981213626998e-01,-1.675038711660131185e-01,-1.722780228049650697e-01,-1.636842905652072244e-01,-1.423480684723449352e-01,-1.099658024842101595e-01,-6.897299613684541864e-02,-2.219576545393944084e-02,2.746873210620748296e-02,7.731314965738389500e-02,1.250072971281165068e-01,1.687098028842923536e-01,2.071110595296752621e-01,2.394199208848098448e-01,2.653088284759208548e-01,2.848316098334112700e-01,2.983257736151637141e-01,3.063071865053824672e-01,3.093595216090263555e-01,3.080127849904168991e-01,3.025913404533875362e-01,2.929838182948591441e-01,2.782248767809321066e-01,2.556422110939753356e-01,2.191320593686317542e-01,1.570715085404161548e-01,6.267062702437822819e-02
8.489295767251764380e-01,6.894243519507111673e-01,2.716696314646753763e-01,-2.457139336486186543e-01,-6.675030467341407370e-01,-8.366939624431939393e-01,-6.936025664618239439e-01,-2.966403232126807454e-01,2.023621096622544580e-01,6.175434301185431796e-01,7.993044499347512488e-01,6.884252437425619764e-01,3.343053969371200806e-01,-1.277729928136915327e-01,-5.297267776194819477e-01,-7.327494678252371996e-01,-6.751027236155264788e-01,-3.892623082447018157e-01,1.549414675729908139e-02,3.961429483673792329e-01,6.272881220610417863e-01,6.421877021990120005e-01,4.502411343818080169e-01,1.272999445581371181e-01,-2.150948303993962252e-01,-4.689830169330650445e-01,-5.638520320879136793e-01,-4.847328018256402138e-01,-2.706902856920924694e-01,3.253141344499799973e-03,2.528592382975654029e-01,4.106113292158742323e-01,4.430790919234108283e-01,3.558075821993050836e-01,1.862481820157870505e-01,-1.126386192409584673e-02,-1.828348892984704988e-01,-2.893371707078539745e-01,-3.142695635192620518e-01,-2.641776118820712282e-01,-1.629218236360707728e-01,-4.251789438672298749e-02,6.635329511954250747e-02,1.416255439762738877e-01,1.735001236982176565e-01,1.643055752579847539e-01,1.254091640967601451e-01,7.258295285106218520e-02,2.129648915900408598e-02,-1.690980652495031877e-02,-3.634416951669623003e-02,-3.730213158324894446e-02,-2.478562015799191248e-02,-6.406624425815124133e-03,9.877654723283715507e-03,1.766581571782428056e-02,1.332106702649576806e-02,-3.616742260574253628e-03,-3.073134007700921086e-02,-6.353472036803291256e-02,-9.651898958408806906e-02,-1.242120444119097639e-01,-1.420507895619014249e-01,-1.469624659344108963e-01,-1.376210925532646290e-01,-1.144079552805310762e-01,-7.914546558722496128e-02,-3.469169285893255322e-02,1.551808514374496129e-02,6.791061875311688034e-02,1.191436312100969397e-01,1.663760484454427646e-01,2.074313371713827070e-01,2.408613223919451041e-01,2.659278902832156177e-01,2.825247930299267796e-01,2.910623203756205202e-01,2.923351324728484801e-01,2.873892841114822905e-01,2.773994106482418065e-01,2.635618352108992646e-01,2.470041741772817101e-01,2.287063779606703651e-01,2.094203696191313802e-01,1.895612622226532096e-01,1.690123779766855572e-01,1.467191390087162206e-01,1.198533986929269518e-01,8.279750423565536421e-02,3.227573268987687927e-02
8.489295767251764380e-01,6.838725806101157989e-01,2.537347012437234373e-01,-2.725536175621409152e-01,-6.896040219114865089e-01,-8.369332123465025308e-01,-6.613610850198501367e-01,-2.358197210431623447e-01,2.719142572510503952e-01,6.667630988638897360e-01,8.023364708600745354e-01,6.352608095983569569e-01,2.376283548345815844e-01,-2.352256016018761942e-01,-6.068588266100736206e-01,-7.463463057494039710e-01,-6.139270328638881669e-01,-2.700085433140781976e-01,1.531145711045583391e-01,5.034893759526182233e-01,6.646533474240166051e-01,5.935699775929685895e-01,3.294500127213737528e-01,-2.675678929608430595e-02,-3.519854837642739098e-01,-5.440548272311327427e-01,-5.530327206167182652e-01,-3.918397464416706888e-01,-1.251882006755510313e-01,1.566868719860540771e-01,3.689570569449871495e-01,4.572914993541452033e-01,4.101000443456607192e-01,2.561046030473638213e-01,5.029809788314325986e-02,-1.455929437269571913e-01,-2.814297160975104961e-01,-3.306317051692928555e-01,-2.934927043955002923e-01,-1.924995943483414629e-01,-6.247956222985795449e-02,6.070092687017305394e-02,1.495221913980912531e-01,1.901523565325957676e-01,1.831682453638998620e-01,1.404447977845981466e-01,7.984025492467121399e-02,1.951397401460432113e-02,-2.660905599971110161e-02,-5.135096307807979904e-02,-5.460258754323201597e-02,-4.186310525184375880e-02,-2.174169650319977137e-02,-3.237012206015257854e-03,6.529884918565188878e-03,3.715864532053108748e-03,-1.183328127950605303e-02,-3.703950410074121485e-02,-6.663957490353460134e-02,-9.448863529130498151e-02,-1.148135168131226291e-01,-1.231913082344426869e-01,-1.171335976117294647e-01,-9.625711525229137255e-02,-6.209890365878296958e-02,-1.768047536486844207e-02,3.305893200955373895e-02,8.584883062738449255e-02,1.366072617336290262e-01,1.818391190001054925e-01,2.188895289151195633e-01,2.460547663347881497e-01,2.625713920301292470e-01,2.685143643145506687e-01,2.646378365697310553e-01,2.521900083353573740e-01,2.327277593950773937e-01,2.079496934682593945e-01,1.795590857761517334e-01,1.491620425211284962e-01,1.182015032106498581e-01,8.792482767127257626e-02,5.938181199034118368e-02,3.345155338335436407e-02,1.090210332218628439e-02,-7.499742023814631037e-03,-2.078179088806348870e-02,-2.737542374583169097e-02,-2.465005059428281020e-02,-1.106198568702691613e-02
8.489295767251764380e-01,6.783344815271238337e-01,2.359883620351456712e-01,-2.986314460303325369e-01,-7.099911496827983060e-01,-8.346499909466643663e-01,-6.268214051377676288e-01,-1.746793505658535139e-01,3.381560107717823116e-01,7.086530519257048244e-01,7.957401074749778092e-01,5.738961413687025948e-01,1.386271730332890306e-01,-3.360263948018942237e-01,-6.685455507340255510e-01,-7.399382909626823768e-01,-5.354608863663479212e-01,-1.438701410410855586e-01,2.823692703310152763e-01,5.877390616600438600e-01,6.706435329062639950e-01,5.158567496778888595e-01,1.928281988998624685e-01,-1.761325193468112338e-01,-4.631986473761750545e-01,-5.793789062406587975e-01,-5.006757937635814004e-01,-2.691945764370451966e-01,2.801448509387186731e-02,2.923202363560924444e-01,4.463184068137341365e-01,4.554084479383515016e-01,3.328274471449696459e-01,1.290740575969138160e-01,-8.847863684214951618e-02,-2.578623447140511171e-01,-3.395709291182644751e-01,-3.241846363284778265e-01,-2.300048513338881495e-01,-9.324407676798353306e-02,4.498545398479315838e-02,1.505650152638955130e-01,2.040386246138868320e-01,2.028049915533139680e-01,1.583797402496588680e-01,9.051481302994307532e-02,2.041900294175853781e-02,-3.494178397143872516e-02,-6.622341303584347583e-02,-7.241169134763451865e-02,-5.927706295522839480e-02,-3.646501546531726728e-02,-1.424160396210653705e-02,-7.576310278818314302e-04,-3.672209496074181688e-04,-1.316289963647043933e-02,-3.557210539933354509e-02,-6.165897750957136103e-02,-8.470524796816400470e-02,-9.868509117933405017e-02,-9.936123047722709989e-02,-8.486942010081842402e-02,-5.578857818931094031e-02,-1.479039909344764987e-02,3.398450236502992272e-02,8.566489910442484645e-02,1.353623404306793510e-01,1.787586790447013851e-01,2.125116180451349646e-01,2.344636917506450480e-01,2.436723082921201655e-01,2.402989115771099193e-01,2.254043095903767169e-01,2.006969054197338398e-01,1.682739091469032666e-01,1.303855902361892305e-01,8.924177399543049838e-02,4.686991783192578920e-02,5.026334761338049385e-03,-3.484300662415795030e-02,-7.159799787245614555e-02,-1.043614327870256014e-01,-1.324383652100220576e-01,-1.551880166161211105e-01,-1.718151802117263705e-01,-1.809955504354799349e-01,-1.801348567284597746e-01,-1.639024537585092034e-01,-1.224653391487434129e-01,-5.007681106088038986e-02
8.489295767251764380e-01,6.728167541528418116e-01,2.184507307399972675e-01,-3.239279669556071606e-01,-7.286909511349506374e-01,-8.299851989010370579e-01,-5.902895822512700397e-01,-1.136569327078509606e-01,4.006902693059032350e-01,7.431550010498360059e-01,7.801039834140467422e-01,5.056880916344603794e-01,3.917526963871212353e-02,-4.284603208854330103e-01,-7.141529038486396086e-01,-7.147555276727498574e-01,-4.429854543429285196e-01,-1.546756249167453509e-02,3.988553651831475144e-01,6.466325768502954041e-01,6.466700409188774756e-01,4.144989152108091157e-01,4.867181504359607142e-02,-3.122525856713730952e-01,-5.430274476780816428e-01,-5.747010167575155037e-01,-4.129406018393040889e-01,-1.281548624705835249e-01,1.755396579821560388e-01,3.989446051709669150e-01,4.797347522450233215e-01,4.079122632182461961e-01,2.220689384292105772e-01,-9.363590270198446711e-03,-2.134243123524484920e-01,-3.353541071528586826e-01,-3.520570350859174580e-01,-2.737614072064142312e-01,-1.355138651065752875e-01,1.704294673594792045e-02,1.423037985125490956e-01,2.133940561333682595e-01,2.226389479940067972e-01,1.798226594776491660e-01,1.060319965406802956e-01,2.573505792632710051e-02,-4.035460275057710378e-02,-7.987314876723053403e-02,-9.019929766110207359e-02,-7.699436414785647276e-02,-5.091015825678108647e-02,-2.372148966521532565e-02,-4.990666617066228349e-03,2.371785838375069976e-05,-9.024018726311177838e-03,-2.826390335639969442e-02,-5.117208948553805814e-02,-7.046058790910643410e-02,-7.981111088488622440e-02,-7.511674114940126989e-02,-5.507798091673713620e-02,-2.116774251117166383e-02,2.289895473540074292e-02,7.199259479268850515e-02,1.204887618824178608e-01,1.631076631677403632e-01,1.955572008856068800e-01,2.149243298721577322e-01,2.198132330261151346e-01,2.102679745891615770e-01,1.875394237806924935e-01,1.537628382270405103e-01,1.116072519795718310e-01,6.394522736971045007e-02,1.357584143038983830e-02,-3.698167310649808082e-02,-8.561922119056759872e-02,-1.307011069685672100e-01,-1.710658996740318516e-01,-2.059815387302835477e-01,-2.350650901635294443e-01,-2.581742010539192500e-01,-2.752688689419627854e-01,-2.862262859593573405e-01,-2.905590054519548437e-01,-2.869146684119703861e-01,-2.720788165244515944e-01,-2.389845369391738472e-01,-1.743105588853142707e-01,-7.027952324107460125e-02
8.489295767251764380e-01,6.673260248886873081e-01,2.011410040739911587e-01,-3.484272241277159843e-01,-7.457368358431616384e-01,-8.230862858215690636e-01,-5.520668225458866818e-01,-5.315763767521838878e-02,4.591920362167479785e-01,7.703143078445940928e-01,7.561112206776436917e-01,4.320074103265391097e-01,-5.899719748926244428e-02,-5.111479434779272468e-01,-7.435203242648040778e-01,-6.724750643274660655e-01,-3.399620500190131955e-01,1.108886093686065888e-01,4.990524500509326833e-01,6.792087279725409488e-01,5.954484276063692905e-01,2.957001332552899875e-01,-9.501985695532348675e-02,-4.280913174306768543e-01,-5.883090981914564921e-01,-5.325868333818071232e-01,-2.980915373283162251e-01,1.945724378932305043e-02,3.056799568706322079e-01,4.689697746056553651e-01,4.686670145001451959e-01,3.220989246752266055e-01,9.122541498192322795e-02,-1.434559869662285214e-01,-3.110387370119511163e-01,-3.708275092897722058e-01,-3.200872463808761559e-01,-1.887337791006030163e-01,-2.500624985507779105e-02,1.217684929136105404e-01,2.155189133918317956e-01,2.411520432484937637e-01,2.047156044742029224e-01,1.275195507323680089e-01,3.718821371491677630e-02,-4.115104393624278989e-02,-9.109737657687987100e-02,-1.074673640785116235e-01,-9.520058517935095499e-02,-6.578346065434328982e-02,-3.270831096873497157e-02,-7.383993605207771205e-03,3.539164740825931441e-03,-9.400842516664693416e-04,-1.689950522434329264e-02,-3.730674437348794475e-02,-5.425380670356039908e-02,-6.100363848728360822e-02,-5.342599227019794589e-02,-3.063507618344981503e-02,5.142046604165262033e-03,4.928330379092771274e-02,9.581742624434876066e-02,1.385367748326179760e-01,1.719660168382488030e-01,1.920525642547161460e-01,1.965259581400494449e-01,1.849420683599453386e-01,1.584750267685698377e-01,1.195431851750647506e-01,7.135812416311988760e-02,1.747365290722470432e-02,-3.860860794649365740e-02,-9.374323859635001754e-02,-1.453416753074566747e-01,-1.914729436151285380e-01,-2.308787926429883564e-01,-2.629230904142128011e-01,-2.874963687780410782e-01,-3.048940189745054097e-01,-3.156817788868649388e-01,-3.205552190576541061e-01,-3.201901947655504399e-01,-3.150655792500184349e-01,-3.052094992094414039e-01,-2.897548134733656244e-01,-2.660474422708629660e-01,-2.278536937606659707e-01,-1.631930942541066076e-01,-6.507705144283630616e-02
8.489295767251764380e-01,6.618688395935917734e-01,1.840774522224344067e-01,-3.721166433589951916e-01,-7.611685336398077428e-01,-8.141057702119028905e-01,-5.124470479414282575e-01,6.448012539497180798e-03,5.134068851406606848e-01,7.902701755265171268e-01,7.245181180455624315e-01,3.542084520188983343e-01,-1.543305459392428636e-01,-5.830484293276277930e-01,-7.569165253128860016e-01,-6.151183754906109913e-01,-2.298869521040196318e-01,2.313357855726476675e-01,5.803785996170979233e-01,6.857055501580223700e-01,5.207127485196537675e-01,1.659882492246945451e-01,-2.309869151697035716e-01,-5.184429472803493422e-01,-5.983466387394275054e-01,-4.579058135748263481e-01,-1.656081694175646213e-01,1.623872301004362639e-01,4.092269493948425541e-01,4.986966411013383782e-01,4.167389036342427633e-01,2.083339450793310066e-01,-4.547768684993221122e-02,-2.593939553006680554e-01,-3.722056870790586558e-01,-3.627497979202687350e-01,-2.503113217209577135e-01,-8.210258438316628271e-02,8.579318495386845100e-02,2.067493885901011408e-01,2.556171447357566962e-01,2.319960612328885174e-01,1.555458160468617956e-01,5.640139716036895318e-02,-3.543393902268088258e-02,-9.840156611948498722e-02,-1.235151622582034842e-01,-1.140604527613732766e-01,-8.194783837167961271e-02,-4.248989674595408245e-02,-9.395721362035799884e-03,8.709779135327820956e-03,9.654541349165681602e-03,-2.913364506204220352e-03,-2.155665547702974305e-02,-3.766287451428702859e-02,-4.387437080638142972e-02,-3.579211685367095219e-02,-1.270925383404619864e-02,2.259107160474929654e-02,6.474019008238666995e-02,1.070618876436337658e-01,1.428953744010917348e-01,1.667036153443129110e-01,1.748106045842946765e-01,1.657174842597039510e-01,1.400345818614190385e-01,1.001230755266431655e-01,4.956441104900801559e-02,-7.427065923550227669e-03,-6.655387964075137885e-02,-1.238834393421655300e-01,-1.761616102457586874e-01,-2.209863321343081000e-01,-2.568557067049534459e-01,-2.831168787449674373e-01,-2.998466900872877039e-01,-3.076941239349814117e-01,-3.077098797702590427e-01,-3.011817526026758784e-01,-2.894871042477837886e-01,-2.739662218209317213e-01,-2.558124638649648119e-01,-2.359649930608987423e-01,-2.149726725029098284e-01,-1.927615385710579610e-01,-1.681601037412638888e-01,-1.379281884159582749e-01,-9.557790100029252278e-02,-3.732974033463554858e-02
8.489295767251764380e-01,6.564516564184758041e-01,1.672774165514245848e-01,-3.949869060103002871e-01,-7.750315186533658363e-01,-8.031998244965450340e-01,-4.717147404752812800e-01,6.482559811301893959e-02,5.631484634842832682e-01,8.032450935407939863e-01,6.861334916234175241e-01,2.736025250959698285e-01,-2.454551792936083832e-01,-6.434520408039954287e-01,-7.549862380959794228e-01,-5.449486483719168106e-01,-1.161628163671595548e-01,3.425604000741409583e-01,6.411945222178871973e-01,6.674125385645814923e-01,4.269112842913035943e-01,3.182503583483399512e-02,-3.530439205216117093e-01,-5.800310676826156975e-01,-5.746622574931344873e-01,-3.572094035952195767e-01,-2.532169356049464651e-02,2.907838747070513596e-01,4.799510976660110728e-01,4.881742357470740257e-01,3.308806682463559801e-01,7.863540867311227811e-02,-1.745900280333343157e-01,-3.465942942789642656e-01,-3.926976207205141178e-01,-3.147608593357149043e-01,-1.532957703010183748e-01,3.168165430440603864e-02,1.826769464634420137e-01,2.619259459529998946e-01,2.592178948943085759e-01,1.897408938856308958e-01,8.466371305774178513e-02,-2.113359599690886603e-02,-9.985397621982995686e-02,-1.371954533400217835e-01,-1.334564230192026579e-01,-1.002009864805866735e-01,-5.445128647478621881e-02,-1.262607554094705327e-02,1.400852053313350436e-02,2.145420826195503991e-02,1.263095518525281583e-02,-4.792991907162387662e-03,-2.141676708344489310e-02,-2.900474084899972577e-02,-2.256064518717127917e-02,-1.242093561378475059e-03,3.186245534695134746e-02,7.081170907656587910e-02,1.083346927081869082e-01,1.373879278530540926e-01,1.524250471850356337e-01,1.501918380945229392e-01,1.299972798575054767e-01,9.352184033975520505e-02,4.429329352717007590e-02,-1.301384664961481238e-02,-7.330868263357356862e-02,-1.317299546291635648e-01,-1.841361869489551162e-01,-2.274105234435332967e-01,-2.595853923495476390e-01,-2.798158078724291564e-01,-2.882425103310539694e-01,-2.857889305753865128e-01,-2.739318156454355613e-01,-2.544771435910671009e-01,-2.293632033479631183e-01,-2.005033044780886453e-01,-1.696727028119728586e-01,-1.384385728255873860e-01,-1.081284042080952190e-01,-7.983107480147767776e-02,-5.442631249363347884e-02,-3.264344052056107615e-02,-1.516189480304528693e-02,-2.782064075736097840e-03,3.377464812574115360e-03,2.658253760885875751e-03
8.489295767251764380e-01,6.510808389715961875e-01,1.507573112146454453e-01,-4.170318113255811476e-01,-7.873764308411193014e-01,-7.905269351300286962e-01,-4.301430701881766017e-01,1.216776495429591348e-01,6.082951756390425624e-01,8.095338352266768789e-01,6.417990931935182441e-01,1.914351660777730557e-01,-3.312039399950970631e-01,-6.919637169628121143e-01,-7.386910458824577086e-01,-4.643720325864431064e-01,-1.990030364274049130e-03,4.418622733129389246e-01,6.807631255260712111e-01,6.264895062107980195e-01,3.189046503608318206e-01,-1.007265924273843399e-01,-4.563011882024478050e-01,-6.114738924988404323e-01,-5.206279180229657078e-01,-2.380714492504329149e-01,1.133517254295630799e-01,3.967940387670706448e-01,5.147447623250402948e-01,4.407248557130651889e-01,2.202730643465593552e-01,-5.470188742714332530e-02,-2.847093457746897038e-01,-3.984188841007020310e-01,-3.730198139555469528e-01,-2.345766459034876461e-01,-4.172039175785247078e-02,1.387527252241165521e-01,2.546421587176242451e-01,2.822033381588143208e-01,2.283036489628317012e-01,1.225270570641092127e-01,3.811627106488942388e-03,-9.302873313253824661e-02,-1.466923122420284165e-01,-1.527077292435508327e-01,-1.210289035201729396e-01,-6.991611817492293657e-02,-1.875708706508525878e-02,1.783143340438330185e-02,3.321117877969658599e-02,2.893837642842867972e-02,1.260457112842355842e-02,-5.569562992667519488e-03,-1.618886144647234751e-02,-1.325989043474565081e-02,4.590612436339267660e-03,3.427765886432455195e-02,6.947766038743535821e-02,1.024059941315252076e-01,1.256404818206788288e-01,1.335883207048389199e-01,1.233653269322696200e-01,9.503292772381800868e-02,5.127962521612138003e-02,-3.280490461062295603e-03,-6.299091240106483025e-02,-1.220337571546109279e-01,-1.751713061918072079e-01,-2.182685730827765846e-01,-2.485725970106890670e-01,-2.647675796350782984e-01,-2.668527502911426930e-01,-2.559021982023348407e-01,-2.337657247479444922e-01,-2.027611046174186415e-01,-1.653951059096380460e-01,-1.241366319843187627e-01,-8.125284294319057299e-02,-3.870952947840450992e-02,1.868984700469336364e-03,3.918725528565543403e-02,7.221803319087304052e-02,1.000896898262422230e-01,1.218982064396206821e-01,1.363754890822221622e-01,1.412488219217904184e-01,1.319918112417610978e-01,1.003259623994740141e-01,4.141994600568488227e-02
8.489295767251764380e-01,6.457626498169185547e-01,1.345326284807556450e-01,-4.382481289874280428e-01,-7.982584998793624820e-01,-7.762466460504310328e-01,-3.879923061187551259e-01,1.767439344582839023e-01,6.487861894861184364e-01,8.094922848712852170e-01,5.923714435341527196e-01,1.088674701864671274e-01,-4.106177454454850162e-01,-7.284794355472903327e-01,-7.092472413833302847e-01,-3.758462295137907083e-01,1.097200906658051672e-01,5.271845616593185957e-01,6.991730992968965275e-01,5.657669782431271610e-01,2.016836621796558038e-01,-2.262658695297351252e-01,-5.372753257660755066e-01,-6.131307791536555474e-01,-4.410210887888380560e-01,-1.084499368601716529e-01,2.420316664998838074e-01,4.749035604497337526e-01,5.134715574307008312e-01,3.622407674967750291e-01,9.523551668080820765e-02,-1.802986317216170586e-01,-3.673399705659277648e-01,-4.123438369869215636e-01,-3.177303191282032091e-01,-1.325729978316443902e-01,7.140454466442798520e-02,2.274605981444547120e-01,2.948699121793826317e-01,2.674557478291401669e-01,1.692102701570693257e-01,4.105473355388641887e-02,-7.511173538443662034e-02,-1.493705639825917975e-01,-1.702828424728309031e-01,-1.443143558335187593e-01,-8.994724443083315646e-02,-2.948451665129660920e-02,1.844500343520294808e-02,4.359982755904099477e-02,4.530308955013941791e-02,3.054996478057352485e-02,1.028694488530976572e-02,-4.673672519668710217e-03,-6.888625811396217359e-03,6.026873252650915246e-03,3.137447438995902976e-02,6.267277906990399716e-02,9.168832972179453977e-02,1.105639666798689386e-01,1.135358440331333818e-01,9.794300269080484511e-02,6.445830387479573043e-02,1.665108936864301975e-02,-3.989830235140414544e-02,-9.867729569022273828e-02,-1.532839879221321311e-01,-1.982681734760560754e-01,-2.296811631580270852e-01,-2.453164751436817947e-01,-2.446777761393431339e-01,-2.287430434770056642e-01,-1.996058123151452646e-01,-1.600700512305769652e-01,-1.132605611079006147e-01,-6.229151754793315482e-02,-1.001643119584123831e-02,4.113358504733884147e-02,8.922820802589152833e-02,1.328447999495218357e-01,1.710177436031493914e-01,2.031416873330575412e-01,2.288325889890604758e-01,2.477348989910483634e-01,2.592311852655292959e-01,2.619402927559754124e-01,2.527384813542756237e-01,2.248277535474434430e-01,1.654115414178142507e-01,6.702924914751132168e-02
8.489295767251764380e-01,6.405032443062446124e-01,1.186179475937356731e-01,-4.586354432882630006e-01,-8.077369758865052818e-01,-7.605183920506543016e-01,-3.455085059547648996e-01,2.298012327048155057e-01,6.846169077329734565e-01,8.035263424395998610e-01,5.387053396172885034e-01,2.696147324736462847e-02,-4.829451954097440103e-01,-7.531570734770444142e-01,-6.680633337263733873e-01,-2.817989773402895803e-01,2.164096881971017960e-01,5.971129460265330868e-01,6.972357175200047941e-01,4.885416806104903586e-01,8.012017965188293622e-02,-3.402426776225301319e-01,-5.938994740571044151e-01,-5.868600392181024805e-01,-3.415509021464148143e-01,2.388329356390592531e-02,3.538212393190655058e-01,5.220376165685052250e-01,4.785864206423344203e-01,2.603601799173834164e-01,-3.381895745218098381e-02,-2.886053755495232576e-01,-4.173154206049484172e-01,-3.896578499071790547e-01,-2.344126873971986991e-01,-2.028602832164458358e-02,1.742715517488087063e-01,2.894545524849713170e-01,3.009912868093037042e-01,2.218502686597925433e-01,9.116979852167637899e-02,-4.325902120332750928e-02,-1.417770773826067809e-01,-1.835458240919940198e-01,-1.689946713042860538e-01,-1.150665758103251446e-01,-4.638651810932359343e-02,1.395468288764628757e-02,5.106084184087143069e-02,6.088720487650510493e-02,4.901462966904557989e-02,2.679986601871631180e-02,6.633372736671680481e-03,-2.120657056025650449e-03,4.501615629476004785e-03,2.467067581617233760e-02,5.203847333775607487e-02,7.799995207918833384e-02,9.416589144357363772e-02,9.439990461131618493e-02,7.602823941575388711e-02,4.011467604289759709e-02,-9.072479797770784810e-03,-6.513002356829446227e-02,-1.208080570134190540e-01,-1.692316428557671948e-01,-2.048529513751128350e-01,-2.240306191408479586e-01,-2.252247757495659808e-01,-2.088643458475304970e-01,-1.769820089703272314e-01,-1.327235014381198952e-01,-7.982832480919364870e-02,-2.215666264144578249e-02,3.668980361423260228e-02,9.363143301662280038e-02,1.462577752474520931e-01,1.928719717759676822e-01,2.324537151029637816e-01,2.645638840191993357e-01,2.892110838433221143e-01,3.066935363580223228e-01,3.174187137897339084e-01,3.216847346756090409e-01,3.193725939566662841e-01,3.094234640527466773e-01,2.888142809478596029e-01,2.505217258666430080e-01,1.810679914673636870e-01,7.260074729647141012e-02
8.489295767251764380e-01,6.353086647444857737e-01,1.030269469675741401e-01,-4.781959902833501919e-01,-8.158745710447720123e-01,-7.435004270055539655e-01,-3.029224762998437570e-01,2.806626529593339581e-01,7.158340406486507490e-01,7.920811233137656782e-01,4.816392190504638071e-01,-5.333053723579048860e-02,-5.476369403482214127e-01,-7.663834371531559331e-01,-6.166794610034425084e-01,-1.845581777377161836e-01,3.159168798095806086e-01,6.508486788733938155e-01,6.763640135471522541e-01,3.983787091616570186e-01,-4.124014141390943550e-02,-4.390718365964777492e-01,-6.254489433602863357e-01,-5.357193417028608406e-01,-2.283942006332911334e-01,1.518124688118890897e-01,4.435752173458610836e-01,5.374536912962446511e-01,4.146008146887077972e-01,1.436217668094832145e-01,-1.572704463452938572e-01,-3.724943764663204426e-01,-4.328185363730145396e-01,-3.348100793953421861e-01,-1.324864122051417903e-01,9.097192664470207801e-02,2.574115540096317267e-01,3.201784718239911731e-01,2.747395858451506245e-01,1.527167513994227566e-01,4.705289044131243451e-03,-1.199069343712939606e-01,-1.886203329921907756e-01,-1.926971099801294551e-01,-1.448699487492618176e-01,-7.067358338598349332e-02,2.356221321005538914e-03,5.367490101905597610e-02,7.448713779642146537e-02,6.776523845549360658e-02,4.462155622930658039e-02,1.898393390745720458e-02,2.565118347350617799e-03,1.550420982864867672e-03,1.558670231247420712e-02,3.886199748019560085e-02,6.253443755382882829e-02,7.757877281901393030e-02,7.722716988843458807e-02,5.847601669365329324e-02,2.248294094704191004e-02,-2.601769654241126509e-02,-7.995845070900477192e-02,-1.314503082428632730e-01,-1.732071852613473184e-01,-1.996314006322351675e-01,-2.074354281480506323e-01,-1.957926576156084064e-01,-1.660961894494448754e-01,-1.214520283086716751e-01,-6.604417932290508608e-02,-4.493194310031248771e-03,5.870195846558153713e-02,1.195856638871349853e-01,1.750120811428677869e-01,2.227637381566502373e-01,2.615469666172523522e-01,2.908969883058745709e-01,3.110262621531814098e-01,3.226452891296541226e-01,3.267774003997010457e-01,3.245793656463362709e-01,3.171679087857932067e-01,3.054359999100645373e-01,2.898147225459396514e-01,2.698781843515427048e-01,2.435640539487247680e-01,2.056093903213878638e-01,1.456606576895500549e-01,5.769014590166562234e-02
8.489295767251764380e-01,6.301848348861504023e-01,8.777241950739980703e-02,-4.969344892532990277e-01,-8.227369157619197626e-01,-7.253488503333221926e-01,-2.604489924139680723e-01,3.291765463374459189e-01,7.425304093253883853e-01,7.756306377637787186e-01,4.219824943118567484e-01,-1.311730010708421768e-01,-6.043356591417159418e-01,-7.687390294340615826e-01,-5.567105549265438658e-01,-8.629464946679890613e-02,4.064978855192666329e-01,6.881606593551817808e-01,6.384429077227175009e-01,2.989296223053334867e-01,-1.583383698805763129e-01,-5.201785049410507789e-01,-6.324010008170508623e-01,-4.636385509563404894e-01,-1.077728892782416764e-01,2.692293312687848994e-01,5.079985911664588460e-01,5.224727867250849034e-01,3.274678200005898265e-01,2.067971189651496983e-02,-2.669635217546655337e-01,-4.275282988450077593e-01,-4.150716091754994563e-01,-2.545448207047445455e-01,-2.202199835371519351e-02,1.912378155926061640e-01,3.143674695728573831e-01,3.188280888515813705e-01,2.211542202957015035e-01,6.920778330292040592e-02,-7.986528702090210652e-02,-1.805069196177039870e-01,-2.114347248227304021e-01,-1.775491504258497333e-01,-1.027764167468919326e-01,-1.826284480932043736e-02,4.912696368206899422e-02,8.432438106576925496e-02,8.608334762517479144e-02,6.415124927259266419e-02,3.360823002162491996e-02,8.795995681441919414e-03,-1.202610327812702554e-03,5.484844917827113794e-03,2.414855086690389369e-02,4.596335807900511772e-02,6.120790190446972340e-02,6.219757632822317528e-02,4.521245597394676213e-02,1.112928737614410878e-02,-3.514106213947464086e-02,-8.604434067873134584e-02,-1.331284335370002125e-01,-1.687022189742656553e-01,-1.870896325966635021e-01,-1.853205854691607202e-01,-1.632502682880373202e-01,-1.232089171484243434e-01,-6.934396385867792889e-02,-6.828869828722663841e-03,5.891003760494339936e-02,1.228404147164939286e-01,1.807849557428832521e-01,2.296812601462965842e-01,2.676583595065098464e-01,2.939680785831422782e-01,3.088177378959378605e-01,3.131496782599625384e-01,3.084059405366287310e-01,2.963061950643227638e-01,2.786560101799029354e-01,2.571921536149744947e-01,2.334621047623471057e-01,2.087251528120794286e-01,1.838487375925372536e-01,1.591473665065812615e-01,1.340557589251019366e-01,1.064508591872193877e-01,7.182599803255983184e-02,2.756127418731024389e-02
8.489295767251764380e-01,6.251375547598666538e-01,7.286629084144177759e-02,-5.148579697565401903e-01,-8.283920325821161335e-01,-7.062167336021176745e-01,-2.182862636785567467e-01,3.752250733601112942e-01,7.648395991725582821e-01,7.546681017306973160e-01,3.605049048052563765e-01,-2.058506501267526601e-01,-6.528625150538477362e-01,-7.609619710921574631e-01,-4.897946816171838691e-01,1.102218731318074622e-02,4.868309224966253512e-01,7.093218844861619576e-01,5.856979009138479908e-01,1.937732132363246818e-01,-2.677149335201347569e-01,-5.819834869928037779e-01,-6.162486496995331908e-01,-3.750913256795507800e-01,1.440502746521312404e-02,3.712609934228885966e-01,5.455980563768255687e-01,4.801000275838268605e-01,2.239546244453760604e-01,-1.003610085562152560e-01,-3.566398309126752597e-01,-4.519397524302892211e-01,-3.677907499702603999e-01,-1.569564634707752704e-01,8.730791498761639180e-02,2.726842782841292223e-01,3.419147543323448057e-01,2.878812602343880367e-01,1.475278667744898964e-01,-1.903039010133414019e-02,-1.536317924175292227e-01,-2.195169611310547886e-01,-2.093961283523141370e-01,-1.417621859022784037e-01,-4.930743282148525308e-02,3.483806650836480251e-02,8.791684897646649677e-02,1.024868650933992847e-01,8.523717311655913675e-02,5.149649209123376148e-02,1.821059819025855689e-02,-2.021044072236445176e-03,-4.221420541272809593e-03,8.778921138643817207e-03,2.861828938685558391e-02,4.493358033428441339e-02,4.885939173780654704e-02,3.552337320275694710e-02,5.066199122869165759e-03,-3.778582686151245318e-02,-8.520463958349960842e-02,-1.282407945554743245e-01,-1.587534527168050213e-01,-1.708828849299439123e-01,-1.618547420375415491e-01,-1.320958225488315374e-01,-8.478427988241232782e-02,-2.503575906381640126e-02,4.105644284782409420e-02,1.073390527314495857e-01,1.683424472594196031e-01,2.197818787513974026e-01,2.588046194367062958e-01,2.840130806757116266e-01,2.953182664387992151e-01,2.936863416148309258e-01,2.808374851406199579e-01,2.589451488073810648e-01,2.303695901001942825e-01,1.974453641987414798e-01,1.623304775163920965e-01,1.269162411660344214e-01,9.279195617126841100e-02,6.125768235050645799e-02,3.338240393078195645e-02,1.011692546818925530e-02,-7.502514645863915359e-03,-1.798698034781306965e-02,-1.896351248998304900e-02,-9.046292061574142535e-03
8.489295767251764380e-01,6.201724958165597545e-01,5.831964024214573300e-02,-5.319755954972942291e-01,-8.329098306207255442e-01,-6.862533478313316282e-01,-1.766156289198432539e-01,4.187224803622788816e-01,7.829305724199013827e-01,7.296969978213488917e-01,2.979278776605518986e-01,-2.767690107636944785e-01,-6.932009458604063701e-01,-7.439123143806258831e-01,-4.175475684033474466e-01,1.056559744625188563e-01,5.560044950527168739e-01,7.150354878300351213e-01,5.205687224415581627e-01,8.628327795726073446e-02,-3.665762574993182699e-01,-6.238394437775504064e-01,-5.792876662178998437e-01,-2.747869575152886434e-01,1.328273820290882257e-01,4.543798364311165128e-01,5.565167778132410481e-01,4.145853390074403788e-01,1.110575392065719508e-01,-2.124530073874861535e-01,-4.221371304556367221e-01,-4.463787867105090124e-01,-2.965046675753195693e-01,-5.057905008850621664e-02,1.870538953126111847e-01,3.300449786002205843e-01,3.398931029143580362e-01,2.323437936403247861e-01,6.228090742770515248e-02,-1.030058039816883625e-01,-2.099004655391644436e-01,-2.344543610533205702e-01,-1.846364258980383588e-01,-9.100656119783154252e-02,8.351846016621306337e-03,8.211571598341897704e-02,1.145017587545019561e-01,1.068410473854907589e-01,7.310716636298572602e-02,3.230370156633811940e-02,9.476032870171945035e-04,-1.193600323132971291e-02,-6.285567305686189619e-03,1.072004031347255359e-02,2.833656655888068185e-02,3.634656664244684948e-02,2.827548852781037320e-02,2.993996165354910390e-03,-3.540988758663297931e-02,-7.911250323976178056e-02,-1.187493219679590095e-01,-1.456521236848423440e-01,-1.536038964482134839e-01,-1.398212748885936108e-01,-1.051143820680983804e-01,-5.336091992776616222e-02,9.462115185474658310e-03,7.641943193593933592e-02,1.406970028336601564e-01,1.964571252088325726e-01,2.393873150467381306e-01,2.669339359443020365e-01,2.782642734771311188e-01,2.740304455570672371e-01,2.560173003381422396e-01,2.267496367192365636e-01,1.891179980254493465e-01,1.460626810370342921e-01,1.003368244103592655e-01,5.435424111956508458e-02,1.011740318976650510e-02,-3.078383379643970588e-02,-6.711117595618640297e-02,-9.785457119200188791e-02,-1.220259291905717303e-01,-1.383022983873023748e-01,-1.443499209489491064e-01,-1.355208917500516919e-01,-1.032943474410759899e-01,-4.270800517414963249e-02
8.489295767251764380e-01,6.152951963957952186e-01,4.414272401018162068e-02,-5.482984861730939574e-01,-8.363616228668774299e-01,-6.656034907914052390e-01,-1.356014640820294714e-01,4.596131401077846457e-01,7.970023364246051623e-01,7.012229740280140344e-01,2.349178392345199207e-01,-3.434522329597887724e-01,-7.254786035761218166e-01,-7.185377876023643084e-01,-3.415239380578962147e-01,1.961231771673581925e-01,6.134929639335227058e-01,7.063551926184833407e-01,4.455929612652507199e-01,-2.047454758971585520e-02,-4.528196444242518215e-01,-6.459300325510890506e-01,-5.243943143561485831e-01,-1.673984261794806139e-01,2.429776643152826987e-01,5.164091386060866151e-01,5.422862640489541919e-01,3.309698059490286393e-01,-4.500373017827590319e-03,-3.099445307797776272e-01,-4.613817663874802966e-01,-4.134971225367857217e-01,-2.078311452446499619e-01,5.640358165421543307e-02,2.705486023136656759e-01,3.607046008139037641e-01,3.107472055522838006e-01,1.588578737155876275e-01,-2.608452526119358489e-02,-1.752404174290416727e-01,-2.445854747061923795e-01,-2.256943718064719495e-01,-1.415196695125089665e-01,-3.194931488322599877e-02,6.342018432573937048e-02,1.185751796266350661e-01,1.267031810215426824e-01,9.798560143847058479e-02,5.215878851693526302e-02,9.592765998944935077e-03,-1.578044011989569381e-02,-1.978633694511234414e-02,-7.362554348868492575e-03,1.094122724665892200e-02,2.357883017560861300e-02,2.207357386307907954e-02,3.430310484871416671e-03,-2.946798505654314379e-02,-6.918539353462402341e-02,-1.060829158251355153e-01,-1.308865633498761949e-01,-1.367985532541972638e-01,-1.207453186052971222e-01,-8.365397394657317354e-02,-2.989338590913814819e-02,3.383624726102029551e-02,9.983636926165662118e-02,1.606739207568046723e-01,2.101710435451490111e-01,2.440182534849681395e-01,2.600014299440384091e-01,2.579005164614854850e-01,2.391552109850916541e-01,2.064028648377759789e-01,1.629834190012700856e-01,1.124839761984529757e-01,5.836925139310476796e-02,3.719427763556656680e-03,-4.892262848197558023e-02,-9.760575508058286220e-02,-1.409435366027164960e-01,-1.780227083467933180e-01,-2.082567068972508706e-01,-2.311783602256131664e-01,-2.461331226919249715e-01,-2.517638929399313441e-01,-2.450279497704125065e-01,-2.192785647649457825e-01,-1.619634423696132142e-01,-6.577789290673423384e-02
